ComponentName, StatisticName, StatisticSubId, StatisticType, SimTime, Rank, Sum.u64, SumSQ.u64, Count.u64, Min.u64, Max.u64
cpu804:memory, ReadInFlight, , Accumulator, 20067092000, 67, 2885331, 2885331, 2885331, 1, 1
cpu804:memory, ReadPending, , Accumulator, 20067092000, 67, 2885331, 2885331, 2885331, 1, 1
cpu804:memory, ReadBytes, , Accumulator, 20067092000, 67, 0, 0, 0, 0, 0
cpu804:memory, WriteInFlight, , Accumulator, 20067092000, 67, 787906, 787906, 787906, 1, 1
cpu804:memory, WritePending, , Accumulator, 20067092000, 67, 787906, 787906, 787906, 1, 1
cpu804:memory, WriteBytes, , Accumulator, 20067092000, 67, 0, 0, 0, 0, 0
cpu804:memory, FlushInFlight, , Accumulator, 20067092000, 67, 0, 0, 0, 0, 0
cpu804:memory, FlushPending, , Accumulator, 20067092000, 67, 0, 0, 0, 0, 0
cpu804:memory, ReadLockInFlight, , Accumulator, 20067092000, 67, 0, 0, 0, 0, 0
cpu804:memory, ReadLockPending, , Accumulator, 20067092000, 67, 0, 0, 0, 0, 0
cpu804:memory, ReadLockBytes, , Accumulator, 20067092000, 67, 0, 0, 0, 0, 0
cpu804:memory, WriteUnlockInFlight, , Accumulator, 20067092000, 67, 0, 0, 0, 0, 0
cpu804:memory, WriteUnlockPending, , Accumulator, 20067092000, 67, 0, 0, 0, 0, 0
cpu804:memory, WriteUnlockBytes, , Accumulator, 20067092000, 67, 0, 0, 0, 0, 0
cpu804:memory, LoadLinkInFlight, , Accumulator, 20067092000, 67, 0, 0, 0, 0, 0
cpu804:memory, LoadLinkPending, , Accumulator, 20067092000, 67, 0, 0, 0, 0, 0
cpu804:memory, StoreCondInFlight, , Accumulator, 20067092000, 67, 0, 0, 0, 0, 0
cpu804:memory, StoreCondPending, , Accumulator, 20067092000, 67, 0, 0, 0, 0, 0
cpu804:memory, CustomInFlight, , Accumulator, 20067092000, 67, 0, 0, 0, 0, 0
cpu804:memory, CustomPending, , Accumulator, 20067092000, 67, 0, 0, 0, 0, 0
cpu804:memory, CustomBytes, , Accumulator, 20067092000, 67, 0, 0, 0, 0, 0
cpu804:memory, FencePending, , Accumulator, 20067092000, 67, 221, 221, 221, 1, 1
cpu804:memory, AMOAddBytes, , Accumulator, 20067092000, 67, 0, 0, 0, 0, 0
cpu804:memory, AMOAddPending, , Accumulator, 20067092000, 67, 0, 0, 0, 0, 0
cpu804:memory, AMOXorBytes, , Accumulator, 20067092000, 67, 0, 0, 0, 0, 0
cpu804:memory, AMOXorPending, , Accumulator, 20067092000, 67, 0, 0, 0, 0, 0
cpu804:memory, AMOAndBytes, , Accumulator, 20067092000, 67, 0, 0, 0, 0, 0
cpu804:memory, AMOAndPending, , Accumulator, 20067092000, 67, 0, 0, 0, 0, 0
cpu804:memory, AMOOrBytes, , Accumulator, 20067092000, 67, 0, 0, 0, 0, 0
cpu804:memory, AMOOrPending, , Accumulator, 20067092000, 67, 0, 0, 0, 0, 0
cpu804:memory, AMOMinBytes, , Accumulator, 20067092000, 67, 0, 0, 0, 0, 0
cpu804:memory, AMOMinPending, , Accumulator, 20067092000, 67, 0, 0, 0, 0, 0
cpu804:memory, AMOMaxBytes, , Accumulator, 20067092000, 67, 0, 0, 0, 0, 0
cpu804:memory, AMOMaxPending, , Accumulator, 20067092000, 67, 0, 0, 0, 0, 0
cpu804:memory, AMOMinuBytes, , Accumulator, 20067092000, 67, 0, 0, 0, 0, 0
cpu804:memory, AMOMinuPending, , Accumulator, 20067092000, 67, 0, 0, 0, 0, 0
cpu804:memory, AMOMaxuBytes, , Accumulator, 20067092000, 67, 0, 0, 0, 0, 0
cpu804:memory, AMOMaxuPending, , Accumulator, 20067092000, 67, 0, 0, 0, 0, 0
cpu804:memory, AMOSwapBytes, , Accumulator, 20067092000, 67, 0, 0, 0, 0, 0
cpu804:memory, AMOSwapPending, , Accumulator, 20067092000, 67, 0, 0, 0, 0, 0
cpu804, TotalCycles, core_0, Accumulator, 20067092000, 67, 40134184, 1610752725345856, 1, 40134184, 40134184
cpu804, CyclesWithIssue, core_0, Accumulator, 20067092000, 67, 10229779, 104648378388841, 1, 10229779, 10229779
cpu804, FloatsRead, core_0, Accumulator, 20067092000, 67, 0, 0, 1, 0, 0
cpu804, FloatsWritten, core_0, Accumulator, 20067092000, 67, 0, 0, 1, 0, 0
cpu804, DoublesRead, core_0, Accumulator, 20067092000, 67, 0, 0, 1, 0, 0
cpu804, DoublesWritten, core_0, Accumulator, 20067092000, 67, 0, 0, 1, 0, 0
cpu804, BytesRead, core_0, Accumulator, 20067092000, 67, 15739732, 247739163431824, 1, 15739732, 15739732
cpu804, BytesWritten, core_0, Accumulator, 20067092000, 67, 4228595, 17881015674025, 1, 4228595, 4228595
cpu804, FloatsExec, core_0, Accumulator, 20067092000, 67, 0, 0, 1, 0, 0
cpu804, TLBHitsPerCore, core_0, Accumulator, 20067092000, 67, 3672717, 13488850162089, 1, 3672717, 3672717
cpu804, TLBMissesPerCore, core_0, Accumulator, 20067092000, 67, 520, 270400, 1, 520, 520
l1cache804, default_stat, , Accumulator, 20067092000, 67, 0, 0, 0, 0, 0
l1cache804, stateEvent_GetS_I, , Accumulator, 20067092000, 67, 7, 7, 7, 1, 1
l1cache804, stateEvent_GetS_S, , Accumulator, 20067092000, 67, 0, 0, 0, 0, 0
l1cache804, stateEvent_GetS_M, , Accumulator, 20067092000, 67, 2360835, 2360835, 2360835, 1, 1
l1cache804, stateEvent_GetX_I, , Accumulator, 20067092000, 67, 444, 444, 444, 1, 1
l1cache804, stateEvent_GetX_S, , Accumulator, 20067092000, 67, 0, 0, 0, 0, 0
l1cache804, stateEvent_GetX_M, , Accumulator, 20067092000, 67, 787462, 787462, 787462, 1, 1
l1cache804, stateEvent_GetSX_I, , Accumulator, 20067092000, 67, 0, 0, 0, 0, 0
l1cache804, stateEvent_GetSX_S, , Accumulator, 20067092000, 67, 0, 0, 0, 0, 0
l1cache804, stateEvent_GetSX_M, , Accumulator, 20067092000, 67, 0, 0, 0, 0, 0
l1cache804, stateEvent_GetSResp_IS, , Accumulator, 20067092000, 67, 0, 0, 0, 0, 0
l1cache804, stateEvent_GetXResp_IS, , Accumulator, 20067092000, 67, 7, 7, 7, 1, 1
l1cache804, stateEvent_GetXResp_IM, , Accumulator, 20067092000, 67, 444, 444, 444, 1, 1
l1cache804, stateEvent_GetXResp_SM, , Accumulator, 20067092000, 67, 0, 0, 0, 0, 0
l1cache804, stateEvent_Inv_I, , Accumulator, 20067092000, 67, 0, 0, 0, 0, 0
l1cache804, stateEvent_Inv_S, , Accumulator, 20067092000, 67, 0, 0, 0, 0, 0
l1cache804, stateEvent_Inv_IS, , Accumulator, 20067092000, 67, 0, 0, 0, 0, 0
l1cache804, stateEvent_Inv_IM, , Accumulator, 20067092000, 67, 0, 0, 0, 0, 0
l1cache804, stateEvent_Inv_SM, , Accumulator, 20067092000, 67, 0, 0, 0, 0, 0
l1cache804, stateEvent_Inv_SB, , Accumulator, 20067092000, 67, 0, 0, 0, 0, 0
l1cache804, stateEvent_Inv_IB, , Accumulator, 20067092000, 67, 0, 0, 0, 0, 0
l1cache804, stateEvent_FetchInvX_I, , Accumulator, 20067092000, 67, 0, 0, 0, 0, 0
l1cache804, stateEvent_FetchInvX_M, , Accumulator, 20067092000, 67, 0, 0, 0, 0, 0
l1cache804, stateEvent_FetchInvX_IS, , Accumulator, 20067092000, 67, 0, 0, 0, 0, 0
l1cache804, stateEvent_FetchInvX_IM, , Accumulator, 20067092000, 67, 0, 0, 0, 0, 0
l1cache804, stateEvent_FetchInvX_SB, , Accumulator, 20067092000, 67, 0, 0, 0, 0, 0
l1cache804, stateEvent_FetchInvX_IB, , Accumulator, 20067092000, 67, 0, 0, 0, 0, 0
l1cache804, stateEvent_Fetch_I, , Accumulator, 20067092000, 67, 0, 0, 0, 0, 0
l1cache804, stateEvent_Fetch_S, , Accumulator, 20067092000, 67, 0, 0, 0, 0, 0
l1cache804, stateEvent_Fetch_IS, , Accumulator, 20067092000, 67, 0, 0, 0, 0, 0
l1cache804, stateEvent_Fetch_IM, , Accumulator, 20067092000, 67, 0, 0, 0, 0, 0
l1cache804, stateEvent_Fetch_SM, , Accumulator, 20067092000, 67, 0, 0, 0, 0, 0
l1cache804, stateEvent_Fetch_IB, , Accumulator, 20067092000, 67, 0, 0, 0, 0, 0
l1cache804, stateEvent_Fetch_SB, , Accumulator, 20067092000, 67, 0, 0, 0, 0, 0
l1cache804, stateEvent_FetchInv_I, , Accumulator, 20067092000, 67, 0, 0, 0, 0, 0
l1cache804, stateEvent_FetchInv_S, , Accumulator, 20067092000, 67, 0, 0, 0, 0, 0
l1cache804, stateEvent_FetchInv_M, , Accumulator, 20067092000, 67, 0, 0, 0, 0, 0
l1cache804, stateEvent_FetchInv_IS, , Accumulator, 20067092000, 67, 0, 0, 0, 0, 0
l1cache804, stateEvent_FetchInv_IM, , Accumulator, 20067092000, 67, 0, 0, 0, 0, 0
l1cache804, stateEvent_FetchInv_SM, , Accumulator, 20067092000, 67, 0, 0, 0, 0, 0
l1cache804, stateEvent_FetchInv_SB, , Accumulator, 20067092000, 67, 0, 0, 0, 0, 0
l1cache804, stateEvent_FetchInv_IB, , Accumulator, 20067092000, 67, 0, 0, 0, 0, 0
l1cache804, stateEvent_ForceInv_I, , Accumulator, 20067092000, 67, 0, 0, 0, 0, 0
l1cache804, stateEvent_ForceInv_S, , Accumulator, 20067092000, 67, 0, 0, 0, 0, 0
l1cache804, stateEvent_ForceInv_M, , Accumulator, 20067092000, 67, 0, 0, 0, 0, 0
l1cache804, stateEvent_ForceInv_IS, , Accumulator, 20067092000, 67, 0, 0, 0, 0, 0
l1cache804, stateEvent_ForceInv_IM, , Accumulator, 20067092000, 67, 0, 0, 0, 0, 0
l1cache804, stateEvent_ForceInv_SM, , Accumulator, 20067092000, 67, 0, 0, 0, 0, 0
l1cache804, stateEvent_ForceInv_SB, , Accumulator, 20067092000, 67, 0, 0, 0, 0, 0
l1cache804, stateEvent_ForceInv_IB, , Accumulator, 20067092000, 67, 0, 0, 0, 0, 0
l1cache804, stateEvent_FlushLine_I, , Accumulator, 20067092000, 67, 0, 0, 0, 0, 0
l1cache804, stateEvent_FlushLine_S, , Accumulator, 20067092000, 67, 0, 0, 0, 0, 0
l1cache804, stateEvent_FlushLine_M, , Accumulator, 20067092000, 67, 0, 0, 0, 0, 0
l1cache804, stateEvent_FlushLineInv_I, , Accumulator, 20067092000, 67, 0, 0, 0, 0, 0
l1cache804, stateEvent_FlushLineInv_S, , Accumulator, 20067092000, 67, 0, 0, 0, 0, 0
l1cache804, stateEvent_FlushLineInv_M, , Accumulator, 20067092000, 67, 0, 0, 0, 0, 0
l1cache804, stateEvent_FlushLineResp_I, , Accumulator, 20067092000, 67, 0, 0, 0, 0, 0
l1cache804, stateEvent_FlushLineResp_IB, , Accumulator, 20067092000, 67, 0, 0, 0, 0, 0
l1cache804, stateEvent_FlushLineResp_SB, , Accumulator, 20067092000, 67, 0, 0, 0, 0, 0
l1cache804, eventSent_GetS, , Accumulator, 20067092000, 67, 7, 7, 7, 1, 1
l1cache804, eventSent_GetX, , Accumulator, 20067092000, 67, 444, 444, 444, 1, 1
l1cache804, eventSent_GetSX, , Accumulator, 20067092000, 67, 0, 0, 0, 0, 0
l1cache804, eventSent_Write, , Accumulator, 20067092000, 67, 0, 0, 0, 0, 0
l1cache804, eventSent_PutM, , Accumulator, 20067092000, 67, 195, 195, 195, 1, 1
l1cache804, eventSent_NACK, , Accumulator, 20067092000, 67, 0, 0, 0, 0, 0
l1cache804, eventSent_FlushLine, , Accumulator, 20067092000, 67, 0, 0, 0, 0, 0
l1cache804, eventSent_FlushLineInv, , Accumulator, 20067092000, 67, 0, 0, 0, 0, 0
l1cache804, eventSent_FetchResp, , Accumulator, 20067092000, 67, 0, 0, 0, 0, 0
l1cache804, eventSent_FetchXResp, , Accumulator, 20067092000, 67, 0, 0, 0, 0, 0
l1cache804, eventSent_AckInv, , Accumulator, 20067092000, 67, 0, 0, 0, 0, 0
l1cache804, eventSent_GetSResp, , Accumulator, 20067092000, 67, 2885331, 2885331, 2885331, 1, 1
l1cache804, eventSent_GetXResp, , Accumulator, 20067092000, 67, 0, 0, 0, 0, 0
l1cache804, eventSent_WriteResp, , Accumulator, 20067092000, 67, 787906, 787906, 787906, 1, 1
l1cache804, eventSent_FlushLineResp, , Accumulator, 20067092000, 67, 0, 0, 0, 0, 0
l1cache804, eventSent_Put, , Accumulator, 20067092000, 67, 0, 0, 0, 0, 0
l1cache804, eventSent_Get, , Accumulator, 20067092000, 67, 0, 0, 0, 0, 0
l1cache804, eventSent_AckMove, , Accumulator, 20067092000, 67, 0, 0, 0, 0, 0
l1cache804, eventSent_CustomReq, , Accumulator, 20067092000, 67, 0, 0, 0, 0, 0
l1cache804, eventSent_CustomResp, , Accumulator, 20067092000, 67, 0, 0, 0, 0, 0
l1cache804, eventSent_CustomAck, , Accumulator, 20067092000, 67, 0, 0, 0, 0, 0
l1cache804, EventStalledForLockedCacheline, , Accumulator, 20067092000, 67, 0, 0, 0, 0, 0
l1cache804, evict_I, , Accumulator, 20067092000, 67, 256, 256, 256, 1, 1
l1cache804, evict_S, , Accumulator, 20067092000, 67, 0, 0, 0, 0, 0
l1cache804, evict_M, , Accumulator, 20067092000, 67, 195, 195, 195, 1, 1
l1cache804, evict_IS, , Accumulator, 20067092000, 67, 0, 0, 0, 0, 0
l1cache804, evict_IM, , Accumulator, 20067092000, 67, 0, 0, 0, 0, 0
l1cache804, evict_SM, , Accumulator, 20067092000, 67, 0, 0, 0, 0, 0
l1cache804, evict_SB, , Accumulator, 20067092000, 67, 0, 0, 0, 0, 0
l1cache804, latency_GetS_hit, , Accumulator, 20067092000, 67, 15488590, 87113032, 2885324, 5, 261
l1cache804, latency_GetS_miss, , Accumulator, 20067092000, 67, 1514, 327460, 7, 216, 218
l1cache804, latency_GetX_hit, , Accumulator, 20067092000, 67, 3938760, 20005344, 787462, 5, 270
l1cache804, latency_GetX_miss, , Accumulator, 20067092000, 67, 99562, 22447602, 444, 215, 277
l1cache804, latency_GetX_upgrade, , Accumulator, 20067092000, 67, 0, 0, 0, 0, 0
l1cache804, latency_GetSX_hit, , Accumulator, 20067092000, 67, 0, 0, 0, 0, 0
l1cache804, latency_GetSX_miss, , Accumulator, 20067092000, 67, 0, 0, 0, 0, 0
l1cache804, latency_GetSX_upgrade, , Accumulator, 20067092000, 67, 0, 0, 0, 0, 0
l1cache804, latency_FlushLine, , Accumulator, 20067092000, 67, 0, 0, 0, 0, 0
l1cache804, latency_FlushLine_fail, , Accumulator, 20067092000, 67, 0, 0, 0, 0, 0
l1cache804, latency_FlushLineInv, , Accumulator, 20067092000, 67, 0, 0, 0, 0, 0
l1cache804, latency_FlushLineInv_fail, , Accumulator, 20067092000, 67, 0, 0, 0, 0, 0
l1cache804, GetSHit_Arrival, , Accumulator, 20067092000, 67, 2885281, 2885281, 2885281, 1, 1
l1cache804, GetXHit_Arrival, , Accumulator, 20067092000, 67, 787455, 787455, 787455, 1, 1
l1cache804, GetSXHit_Arrival, , Accumulator, 20067092000, 67, 0, 0, 0, 0, 0
l1cache804, GetSHit_Blocked, , Accumulator, 20067092000, 67, 43, 43, 43, 1, 1
l1cache804, GetXHit_Blocked, , Accumulator, 20067092000, 67, 7, 7, 7, 1, 1
l1cache804, GetSXHit_Blocked, , Accumulator, 20067092000, 67, 0, 0, 0, 0, 0
l1cache804, GetSMiss_Arrival, , Accumulator, 20067092000, 67, 7, 7, 7, 1, 1
l1cache804, GetXMiss_Arrival, , Accumulator, 20067092000, 67, 444, 444, 444, 1, 1
l1cache804, GetSXMiss_Arrival, , Accumulator, 20067092000, 67, 0, 0, 0, 0, 0
l1cache804, GetSMiss_Blocked, , Accumulator, 20067092000, 67, 0, 0, 0, 0, 0
l1cache804, GetXMiss_Blocked, , Accumulator, 20067092000, 67, 0, 0, 0, 0, 0
l1cache804, GetSXMiss_Blocked, , Accumulator, 20067092000, 67, 0, 0, 0, 0, 0
l1cache804, CacheHits, , Accumulator, 20067092000, 67, 3672786, 3672786, 3672786, 1, 1
l1cache804, CacheMisses, , Accumulator, 20067092000, 67, 451, 451, 451, 1, 1
l1cache804, stateEvent_AckPut_I, , Accumulator, 20067092000, 67, 0, 0, 0, 0, 0
l1cache804, eventSent_PutS, , Accumulator, 20067092000, 67, 0, 0, 0, 0, 0
l1cache804, eventSent_PutE, , Accumulator, 20067092000, 67, 0, 0, 0, 0, 0
l1cache804, stateEvent_GetS_E, , Accumulator, 20067092000, 67, 524489, 524489, 524489, 1, 1
l1cache804, stateEvent_GetX_E, , Accumulator, 20067092000, 67, 0, 0, 0, 0, 0
l1cache804, stateEvent_GetSX_E, , Accumulator, 20067092000, 67, 0, 0, 0, 0, 0
l1cache804, stateEvent_FlushLine_E, , Accumulator, 20067092000, 67, 0, 0, 0, 0, 0
l1cache804, stateEvent_FlushLineInv_E, , Accumulator, 20067092000, 67, 0, 0, 0, 0, 0
l1cache804, stateEvent_FetchInv_E, , Accumulator, 20067092000, 67, 0, 0, 0, 0, 0
l1cache804, stateEvent_ForceInv_E, , Accumulator, 20067092000, 67, 0, 0, 0, 0, 0
l1cache804, stateEvent_FetchInvX_E, , Accumulator, 20067092000, 67, 0, 0, 0, 0, 0
l1cache804, evict_E, , Accumulator, 20067092000, 67, 0, 0, 0, 0, 0
l1cache804, TotalEventsReceived, , Accumulator, 20067092000, 67, 3673688, 3673688, 3673688, 1, 1
l1cache804, TotalEventsReplayed, , Accumulator, 20067092000, 67, 50, 50, 50, 1, 1
l1cache804, Put_uncache_recv, , Accumulator, 20067092000, 67, 0, 0, 0, 0, 0
l1cache804, Get_uncache_recv, , Accumulator, 20067092000, 67, 0, 0, 0, 0, 0
l1cache804, AckMove_uncache_recv, , Accumulator, 20067092000, 67, 0, 0, 0, 0, 0
l1cache804, GetS_uncache_recv, , Accumulator, 20067092000, 67, 0, 0, 0, 0, 0
l1cache804, Write_uncache_recv, , Accumulator, 20067092000, 67, 0, 0, 0, 0, 0
l1cache804, GetSX_uncache_recv, , Accumulator, 20067092000, 67, 0, 0, 0, 0, 0
l1cache804, GetSResp_uncache_recv, , Accumulator, 20067092000, 67, 0, 0, 0, 0, 0
l1cache804, WriteResp_uncache_recv, , Accumulator, 20067092000, 67, 0, 0, 0, 0, 0
l1cache804, CustomReq_uncache_recv, , Accumulator, 20067092000, 67, 0, 0, 0, 0, 0
l1cache804, CustomResp_uncache_recv, , Accumulator, 20067092000, 67, 0, 0, 0, 0, 0
l1cache804, CustomAck_uncache_recv, , Accumulator, 20067092000, 67, 0, 0, 0, 0, 0
l1cache804, NULLCMD_recv, , Accumulator, 20067092000, 67, 0, 0, 0, 0, 0
l1cache804, GetS_recv, , Accumulator, 20067092000, 67, 2885331, 2885331, 2885331, 1, 1
l1cache804, GetX_recv, , Accumulator, 20067092000, 67, 0, 0, 0, 0, 0
l1cache804, GetSX_recv, , Accumulator, 20067092000, 67, 0, 0, 0, 0, 0
l1cache804, Write_recv, , Accumulator, 20067092000, 67, 787906, 787906, 787906, 1, 1
l1cache804, FlushLine_recv, , Accumulator, 20067092000, 67, 0, 0, 0, 0, 0
l1cache804, FlushLineInv_recv, , Accumulator, 20067092000, 67, 0, 0, 0, 0, 0
l1cache804, GetSResp_recv, , Accumulator, 20067092000, 67, 0, 0, 0, 0, 0
l1cache804, GetXResp_recv, , Accumulator, 20067092000, 67, 451, 451, 451, 1, 1
l1cache804, FlushLineResp_recv, , Accumulator, 20067092000, 67, 0, 0, 0, 0, 0
l1cache804, Inv_recv, , Accumulator, 20067092000, 67, 0, 0, 0, 0, 0
l1cache804, ForceInv_recv, , Accumulator, 20067092000, 67, 0, 0, 0, 0, 0
l1cache804, Fetch_recv, , Accumulator, 20067092000, 67, 0, 0, 0, 0, 0
l1cache804, FetchInv_recv, , Accumulator, 20067092000, 67, 0, 0, 0, 0, 0
l1cache804, FetchInvX_recv, , Accumulator, 20067092000, 67, 0, 0, 0, 0, 0
l1cache804, NACK_recv, , Accumulator, 20067092000, 67, 0, 0, 0, 0, 0
l1cache804, AckPut_recv, , Accumulator, 20067092000, 67, 0, 0, 0, 0, 0
l1cache804, MSHR_occupancy, , Accumulator, 20067092000, 67, 109354, 6078384, 40134184, 0, 64
l1cache804, Bank_conflicts, , Accumulator, 20067092000, 67, 0, 0, 0, 0, 0
memory804, requests_received_GetS, , Accumulator, 20067092000, 67, 7, 7, 7, 1, 1
memory804, requests_received_GetSX, , Accumulator, 20067092000, 67, 0, 0, 0, 0, 0
memory804, requests_received_GetX, , Accumulator, 20067092000, 67, 444, 444, 444, 1, 1
memory804, requests_received_Write, , Accumulator, 20067092000, 67, 0, 0, 0, 0, 0
memory804, requests_received_PutM, , Accumulator, 20067092000, 67, 195, 195, 195, 1, 1
memory804, outstanding_requests, , Accumulator, 20067092000, 67, 135875, 12164225, 40134184, 0, 128
memory804, latency_GetS, , Accumulator, 20067092000, 67, 1416, 286440, 7, 202, 204
memory804, latency_GetSX, , Accumulator, 20067092000, 67, 0, 0, 0, 0, 0
memory804, latency_GetX, , Accumulator, 20067092000, 67, 93346, 19746890, 444, 201, 263
memory804, latency_Write, , Accumulator, 20067092000, 67, 0, 0, 0, 0, 0
memory804, latency_PutM, , Accumulator, 20067092000, 67, 41113, 8723637, 195, 201, 261
memory804, cycles_with_issue, , Accumulator, 20067092000, 67, 646, 646, 646, 1, 1
memory804, cycles_attempted_issue_but_rejected, , Accumulator, 20067092000, 67, 0, 0, 0, 0, 0
memory804, total_cycles, , Accumulator, 20067092000, 67, 40134184, 1610752725345856, 1, 40134184, 40134184
cpu805:memory, ReadInFlight, , Accumulator, 20067092000, 67, 2885331, 2885331, 2885331, 1, 1
cpu805:memory, ReadPending, , Accumulator, 20067092000, 67, 2885331, 2885331, 2885331, 1, 1
cpu805:memory, ReadBytes, , Accumulator, 20067092000, 67, 0, 0, 0, 0, 0
cpu805:memory, WriteInFlight, , Accumulator, 20067092000, 67, 787906, 787906, 787906, 1, 1
cpu805:memory, WritePending, , Accumulator, 20067092000, 67, 787906, 787906, 787906, 1, 1
cpu805:memory, WriteBytes, , Accumulator, 20067092000, 67, 0, 0, 0, 0, 0
cpu805:memory, FlushInFlight, , Accumulator, 20067092000, 67, 0, 0, 0, 0, 0
cpu805:memory, FlushPending, , Accumulator, 20067092000, 67, 0, 0, 0, 0, 0
cpu805:memory, ReadLockInFlight, , Accumulator, 20067092000, 67, 0, 0, 0, 0, 0
cpu805:memory, ReadLockPending, , Accumulator, 20067092000, 67, 0, 0, 0, 0, 0
cpu805:memory, ReadLockBytes, , Accumulator, 20067092000, 67, 0, 0, 0, 0, 0
cpu805:memory, WriteUnlockInFlight, , Accumulator, 20067092000, 67, 0, 0, 0, 0, 0
cpu805:memory, WriteUnlockPending, , Accumulator, 20067092000, 67, 0, 0, 0, 0, 0
cpu805:memory, WriteUnlockBytes, , Accumulator, 20067092000, 67, 0, 0, 0, 0, 0
cpu805:memory, LoadLinkInFlight, , Accumulator, 20067092000, 67, 0, 0, 0, 0, 0
cpu805:memory, LoadLinkPending, , Accumulator, 20067092000, 67, 0, 0, 0, 0, 0
cpu805:memory, StoreCondInFlight, , Accumulator, 20067092000, 67, 0, 0, 0, 0, 0
cpu805:memory, StoreCondPending, , Accumulator, 20067092000, 67, 0, 0, 0, 0, 0
cpu805:memory, CustomInFlight, , Accumulator, 20067092000, 67, 0, 0, 0, 0, 0
cpu805:memory, CustomPending, , Accumulator, 20067092000, 67, 0, 0, 0, 0, 0
cpu805:memory, CustomBytes, , Accumulator, 20067092000, 67, 0, 0, 0, 0, 0
cpu805:memory, FencePending, , Accumulator, 20067092000, 67, 221, 221, 221, 1, 1
cpu805:memory, AMOAddBytes, , Accumulator, 20067092000, 67, 0, 0, 0, 0, 0
cpu805:memory, AMOAddPending, , Accumulator, 20067092000, 67, 0, 0, 0, 0, 0
cpu805:memory, AMOXorBytes, , Accumulator, 20067092000, 67, 0, 0, 0, 0, 0
cpu805:memory, AMOXorPending, , Accumulator, 20067092000, 67, 0, 0, 0, 0, 0
cpu805:memory, AMOAndBytes, , Accumulator, 20067092000, 67, 0, 0, 0, 0, 0
cpu805:memory, AMOAndPending, , Accumulator, 20067092000, 67, 0, 0, 0, 0, 0
cpu805:memory, AMOOrBytes, , Accumulator, 20067092000, 67, 0, 0, 0, 0, 0
cpu805:memory, AMOOrPending, , Accumulator, 20067092000, 67, 0, 0, 0, 0, 0
cpu805:memory, AMOMinBytes, , Accumulator, 20067092000, 67, 0, 0, 0, 0, 0
cpu805:memory, AMOMinPending, , Accumulator, 20067092000, 67, 0, 0, 0, 0, 0
cpu805:memory, AMOMaxBytes, , Accumulator, 20067092000, 67, 0, 0, 0, 0, 0
cpu805:memory, AMOMaxPending, , Accumulator, 20067092000, 67, 0, 0, 0, 0, 0
cpu805:memory, AMOMinuBytes, , Accumulator, 20067092000, 67, 0, 0, 0, 0, 0
cpu805:memory, AMOMinuPending, , Accumulator, 20067092000, 67, 0, 0, 0, 0, 0
cpu805:memory, AMOMaxuBytes, , Accumulator, 20067092000, 67, 0, 0, 0, 0, 0
cpu805:memory, AMOMaxuPending, , Accumulator, 20067092000, 67, 0, 0, 0, 0, 0
cpu805:memory, AMOSwapBytes, , Accumulator, 20067092000, 67, 0, 0, 0, 0, 0
cpu805:memory, AMOSwapPending, , Accumulator, 20067092000, 67, 0, 0, 0, 0, 0
cpu805, TotalCycles, core_0, Accumulator, 20067092000, 67, 40134184, 1610752725345856, 1, 40134184, 40134184
cpu805, CyclesWithIssue, core_0, Accumulator, 20067092000, 67, 10229779, 104648378388841, 1, 10229779, 10229779
cpu805, FloatsRead, core_0, Accumulator, 20067092000, 67, 0, 0, 1, 0, 0
cpu805, FloatsWritten, core_0, Accumulator, 20067092000, 67, 0, 0, 1, 0, 0
cpu805, DoublesRead, core_0, Accumulator, 20067092000, 67, 0, 0, 1, 0, 0
cpu805, DoublesWritten, core_0, Accumulator, 20067092000, 67, 0, 0, 1, 0, 0
cpu805, BytesRead, core_0, Accumulator, 20067092000, 67, 15739732, 247739163431824, 1, 15739732, 15739732
cpu805, BytesWritten, core_0, Accumulator, 20067092000, 67, 4228595, 17881015674025, 1, 4228595, 4228595
cpu805, FloatsExec, core_0, Accumulator, 20067092000, 67, 0, 0, 1, 0, 0
cpu805, TLBHitsPerCore, core_0, Accumulator, 20067092000, 67, 3672717, 13488850162089, 1, 3672717, 3672717
cpu805, TLBMissesPerCore, core_0, Accumulator, 20067092000, 67, 520, 270400, 1, 520, 520
l1cache805, default_stat, , Accumulator, 20067092000, 67, 0, 0, 0, 0, 0
l1cache805, stateEvent_GetS_I, , Accumulator, 20067092000, 67, 7, 7, 7, 1, 1
l1cache805, stateEvent_GetS_S, , Accumulator, 20067092000, 67, 0, 0, 0, 0, 0
l1cache805, stateEvent_GetS_M, , Accumulator, 20067092000, 67, 2360835, 2360835, 2360835, 1, 1
l1cache805, stateEvent_GetX_I, , Accumulator, 20067092000, 67, 444, 444, 444, 1, 1
l1cache805, stateEvent_GetX_S, , Accumulator, 20067092000, 67, 0, 0, 0, 0, 0
l1cache805, stateEvent_GetX_M, , Accumulator, 20067092000, 67, 787462, 787462, 787462, 1, 1
l1cache805, stateEvent_GetSX_I, , Accumulator, 20067092000, 67, 0, 0, 0, 0, 0
l1cache805, stateEvent_GetSX_S, , Accumulator, 20067092000, 67, 0, 0, 0, 0, 0
l1cache805, stateEvent_GetSX_M, , Accumulator, 20067092000, 67, 0, 0, 0, 0, 0
l1cache805, stateEvent_GetSResp_IS, , Accumulator, 20067092000, 67, 0, 0, 0, 0, 0
l1cache805, stateEvent_GetXResp_IS, , Accumulator, 20067092000, 67, 7, 7, 7, 1, 1
l1cache805, stateEvent_GetXResp_IM, , Accumulator, 20067092000, 67, 444, 444, 444, 1, 1
l1cache805, stateEvent_GetXResp_SM, , Accumulator, 20067092000, 67, 0, 0, 0, 0, 0
l1cache805, stateEvent_Inv_I, , Accumulator, 20067092000, 67, 0, 0, 0, 0, 0
l1cache805, stateEvent_Inv_S, , Accumulator, 20067092000, 67, 0, 0, 0, 0, 0
l1cache805, stateEvent_Inv_IS, , Accumulator, 20067092000, 67, 0, 0, 0, 0, 0
l1cache805, stateEvent_Inv_IM, , Accumulator, 20067092000, 67, 0, 0, 0, 0, 0
l1cache805, stateEvent_Inv_SM, , Accumulator, 20067092000, 67, 0, 0, 0, 0, 0
l1cache805, stateEvent_Inv_SB, , Accumulator, 20067092000, 67, 0, 0, 0, 0, 0
l1cache805, stateEvent_Inv_IB, , Accumulator, 20067092000, 67, 0, 0, 0, 0, 0
l1cache805, stateEvent_FetchInvX_I, , Accumulator, 20067092000, 67, 0, 0, 0, 0, 0
l1cache805, stateEvent_FetchInvX_M, , Accumulator, 20067092000, 67, 0, 0, 0, 0, 0
l1cache805, stateEvent_FetchInvX_IS, , Accumulator, 20067092000, 67, 0, 0, 0, 0, 0
l1cache805, stateEvent_FetchInvX_IM, , Accumulator, 20067092000, 67, 0, 0, 0, 0, 0
l1cache805, stateEvent_FetchInvX_SB, , Accumulator, 20067092000, 67, 0, 0, 0, 0, 0
l1cache805, stateEvent_FetchInvX_IB, , Accumulator, 20067092000, 67, 0, 0, 0, 0, 0
l1cache805, stateEvent_Fetch_I, , Accumulator, 20067092000, 67, 0, 0, 0, 0, 0
l1cache805, stateEvent_Fetch_S, , Accumulator, 20067092000, 67, 0, 0, 0, 0, 0
l1cache805, stateEvent_Fetch_IS, , Accumulator, 20067092000, 67, 0, 0, 0, 0, 0
l1cache805, stateEvent_Fetch_IM, , Accumulator, 20067092000, 67, 0, 0, 0, 0, 0
l1cache805, stateEvent_Fetch_SM, , Accumulator, 20067092000, 67, 0, 0, 0, 0, 0
l1cache805, stateEvent_Fetch_IB, , Accumulator, 20067092000, 67, 0, 0, 0, 0, 0
l1cache805, stateEvent_Fetch_SB, , Accumulator, 20067092000, 67, 0, 0, 0, 0, 0
l1cache805, stateEvent_FetchInv_I, , Accumulator, 20067092000, 67, 0, 0, 0, 0, 0
l1cache805, stateEvent_FetchInv_S, , Accumulator, 20067092000, 67, 0, 0, 0, 0, 0
l1cache805, stateEvent_FetchInv_M, , Accumulator, 20067092000, 67, 0, 0, 0, 0, 0
l1cache805, stateEvent_FetchInv_IS, , Accumulator, 20067092000, 67, 0, 0, 0, 0, 0
l1cache805, stateEvent_FetchInv_IM, , Accumulator, 20067092000, 67, 0, 0, 0, 0, 0
l1cache805, stateEvent_FetchInv_SM, , Accumulator, 20067092000, 67, 0, 0, 0, 0, 0
l1cache805, stateEvent_FetchInv_SB, , Accumulator, 20067092000, 67, 0, 0, 0, 0, 0
l1cache805, stateEvent_FetchInv_IB, , Accumulator, 20067092000, 67, 0, 0, 0, 0, 0
l1cache805, stateEvent_ForceInv_I, , Accumulator, 20067092000, 67, 0, 0, 0, 0, 0
l1cache805, stateEvent_ForceInv_S, , Accumulator, 20067092000, 67, 0, 0, 0, 0, 0
l1cache805, stateEvent_ForceInv_M, , Accumulator, 20067092000, 67, 0, 0, 0, 0, 0
l1cache805, stateEvent_ForceInv_IS, , Accumulator, 20067092000, 67, 0, 0, 0, 0, 0
l1cache805, stateEvent_ForceInv_IM, , Accumulator, 20067092000, 67, 0, 0, 0, 0, 0
l1cache805, stateEvent_ForceInv_SM, , Accumulator, 20067092000, 67, 0, 0, 0, 0, 0
l1cache805, stateEvent_ForceInv_SB, , Accumulator, 20067092000, 67, 0, 0, 0, 0, 0
l1cache805, stateEvent_ForceInv_IB, , Accumulator, 20067092000, 67, 0, 0, 0, 0, 0
l1cache805, stateEvent_FlushLine_I, , Accumulator, 20067092000, 67, 0, 0, 0, 0, 0
l1cache805, stateEvent_FlushLine_S, , Accumulator, 20067092000, 67, 0, 0, 0, 0, 0
l1cache805, stateEvent_FlushLine_M, , Accumulator, 20067092000, 67, 0, 0, 0, 0, 0
l1cache805, stateEvent_FlushLineInv_I, , Accumulator, 20067092000, 67, 0, 0, 0, 0, 0
l1cache805, stateEvent_FlushLineInv_S, , Accumulator, 20067092000, 67, 0, 0, 0, 0, 0
l1cache805, stateEvent_FlushLineInv_M, , Accumulator, 20067092000, 67, 0, 0, 0, 0, 0
l1cache805, stateEvent_FlushLineResp_I, , Accumulator, 20067092000, 67, 0, 0, 0, 0, 0
l1cache805, stateEvent_FlushLineResp_IB, , Accumulator, 20067092000, 67, 0, 0, 0, 0, 0
l1cache805, stateEvent_FlushLineResp_SB, , Accumulator, 20067092000, 67, 0, 0, 0, 0, 0
l1cache805, eventSent_GetS, , Accumulator, 20067092000, 67, 7, 7, 7, 1, 1
l1cache805, eventSent_GetX, , Accumulator, 20067092000, 67, 444, 444, 444, 1, 1
l1cache805, eventSent_GetSX, , Accumulator, 20067092000, 67, 0, 0, 0, 0, 0
l1cache805, eventSent_Write, , Accumulator, 20067092000, 67, 0, 0, 0, 0, 0
l1cache805, eventSent_PutM, , Accumulator, 20067092000, 67, 195, 195, 195, 1, 1
l1cache805, eventSent_NACK, , Accumulator, 20067092000, 67, 0, 0, 0, 0, 0
l1cache805, eventSent_FlushLine, , Accumulator, 20067092000, 67, 0, 0, 0, 0, 0
l1cache805, eventSent_FlushLineInv, , Accumulator, 20067092000, 67, 0, 0, 0, 0, 0
l1cache805, eventSent_FetchResp, , Accumulator, 20067092000, 67, 0, 0, 0, 0, 0
l1cache805, eventSent_FetchXResp, , Accumulator, 20067092000, 67, 0, 0, 0, 0, 0
l1cache805, eventSent_AckInv, , Accumulator, 20067092000, 67, 0, 0, 0, 0, 0
l1cache805, eventSent_GetSResp, , Accumulator, 20067092000, 67, 2885331, 2885331, 2885331, 1, 1
l1cache805, eventSent_GetXResp, , Accumulator, 20067092000, 67, 0, 0, 0, 0, 0
l1cache805, eventSent_WriteResp, , Accumulator, 20067092000, 67, 787906, 787906, 787906, 1, 1
l1cache805, eventSent_FlushLineResp, , Accumulator, 20067092000, 67, 0, 0, 0, 0, 0
l1cache805, eventSent_Put, , Accumulator, 20067092000, 67, 0, 0, 0, 0, 0
l1cache805, eventSent_Get, , Accumulator, 20067092000, 67, 0, 0, 0, 0, 0
l1cache805, eventSent_AckMove, , Accumulator, 20067092000, 67, 0, 0, 0, 0, 0
l1cache805, eventSent_CustomReq, , Accumulator, 20067092000, 67, 0, 0, 0, 0, 0
l1cache805, eventSent_CustomResp, , Accumulator, 20067092000, 67, 0, 0, 0, 0, 0
l1cache805, eventSent_CustomAck, , Accumulator, 20067092000, 67, 0, 0, 0, 0, 0
l1cache805, EventStalledForLockedCacheline, , Accumulator, 20067092000, 67, 0, 0, 0, 0, 0
l1cache805, evict_I, , Accumulator, 20067092000, 67, 256, 256, 256, 1, 1
l1cache805, evict_S, , Accumulator, 20067092000, 67, 0, 0, 0, 0, 0
l1cache805, evict_M, , Accumulator, 20067092000, 67, 195, 195, 195, 1, 1
l1cache805, evict_IS, , Accumulator, 20067092000, 67, 0, 0, 0, 0, 0
l1cache805, evict_IM, , Accumulator, 20067092000, 67, 0, 0, 0, 0, 0
l1cache805, evict_SM, , Accumulator, 20067092000, 67, 0, 0, 0, 0, 0
l1cache805, evict_SB, , Accumulator, 20067092000, 67, 0, 0, 0, 0, 0
l1cache805, latency_GetS_hit, , Accumulator, 20067092000, 67, 15488590, 87113032, 2885324, 5, 261
l1cache805, latency_GetS_miss, , Accumulator, 20067092000, 67, 1514, 327460, 7, 216, 218
l1cache805, latency_GetX_hit, , Accumulator, 20067092000, 67, 3938760, 20005344, 787462, 5, 270
l1cache805, latency_GetX_miss, , Accumulator, 20067092000, 67, 99562, 22447602, 444, 215, 277
l1cache805, latency_GetX_upgrade, , Accumulator, 20067092000, 67, 0, 0, 0, 0, 0
l1cache805, latency_GetSX_hit, , Accumulator, 20067092000, 67, 0, 0, 0, 0, 0
l1cache805, latency_GetSX_miss, , Accumulator, 20067092000, 67, 0, 0, 0, 0, 0
l1cache805, latency_GetSX_upgrade, , Accumulator, 20067092000, 67, 0, 0, 0, 0, 0
l1cache805, latency_FlushLine, , Accumulator, 20067092000, 67, 0, 0, 0, 0, 0
l1cache805, latency_FlushLine_fail, , Accumulator, 20067092000, 67, 0, 0, 0, 0, 0
l1cache805, latency_FlushLineInv, , Accumulator, 20067092000, 67, 0, 0, 0, 0, 0
l1cache805, latency_FlushLineInv_fail, , Accumulator, 20067092000, 67, 0, 0, 0, 0, 0
l1cache805, GetSHit_Arrival, , Accumulator, 20067092000, 67, 2885281, 2885281, 2885281, 1, 1
l1cache805, GetXHit_Arrival, , Accumulator, 20067092000, 67, 787455, 787455, 787455, 1, 1
l1cache805, GetSXHit_Arrival, , Accumulator, 20067092000, 67, 0, 0, 0, 0, 0
l1cache805, GetSHit_Blocked, , Accumulator, 20067092000, 67, 43, 43, 43, 1, 1
l1cache805, GetXHit_Blocked, , Accumulator, 20067092000, 67, 7, 7, 7, 1, 1
l1cache805, GetSXHit_Blocked, , Accumulator, 20067092000, 67, 0, 0, 0, 0, 0
l1cache805, GetSMiss_Arrival, , Accumulator, 20067092000, 67, 7, 7, 7, 1, 1
l1cache805, GetXMiss_Arrival, , Accumulator, 20067092000, 67, 444, 444, 444, 1, 1
l1cache805, GetSXMiss_Arrival, , Accumulator, 20067092000, 67, 0, 0, 0, 0, 0
l1cache805, GetSMiss_Blocked, , Accumulator, 20067092000, 67, 0, 0, 0, 0, 0
l1cache805, GetXMiss_Blocked, , Accumulator, 20067092000, 67, 0, 0, 0, 0, 0
l1cache805, GetSXMiss_Blocked, , Accumulator, 20067092000, 67, 0, 0, 0, 0, 0
l1cache805, CacheHits, , Accumulator, 20067092000, 67, 3672786, 3672786, 3672786, 1, 1
l1cache805, CacheMisses, , Accumulator, 20067092000, 67, 451, 451, 451, 1, 1
l1cache805, stateEvent_AckPut_I, , Accumulator, 20067092000, 67, 0, 0, 0, 0, 0
l1cache805, eventSent_PutS, , Accumulator, 20067092000, 67, 0, 0, 0, 0, 0
l1cache805, eventSent_PutE, , Accumulator, 20067092000, 67, 0, 0, 0, 0, 0
l1cache805, stateEvent_GetS_E, , Accumulator, 20067092000, 67, 524489, 524489, 524489, 1, 1
l1cache805, stateEvent_GetX_E, , Accumulator, 20067092000, 67, 0, 0, 0, 0, 0
l1cache805, stateEvent_GetSX_E, , Accumulator, 20067092000, 67, 0, 0, 0, 0, 0
l1cache805, stateEvent_FlushLine_E, , Accumulator, 20067092000, 67, 0, 0, 0, 0, 0
l1cache805, stateEvent_FlushLineInv_E, , Accumulator, 20067092000, 67, 0, 0, 0, 0, 0
l1cache805, stateEvent_FetchInv_E, , Accumulator, 20067092000, 67, 0, 0, 0, 0, 0
l1cache805, stateEvent_ForceInv_E, , Accumulator, 20067092000, 67, 0, 0, 0, 0, 0
l1cache805, stateEvent_FetchInvX_E, , Accumulator, 20067092000, 67, 0, 0, 0, 0, 0
l1cache805, evict_E, , Accumulator, 20067092000, 67, 0, 0, 0, 0, 0
l1cache805, TotalEventsReceived, , Accumulator, 20067092000, 67, 3673688, 3673688, 3673688, 1, 1
l1cache805, TotalEventsReplayed, , Accumulator, 20067092000, 67, 50, 50, 50, 1, 1
l1cache805, Put_uncache_recv, , Accumulator, 20067092000, 67, 0, 0, 0, 0, 0
l1cache805, Get_uncache_recv, , Accumulator, 20067092000, 67, 0, 0, 0, 0, 0
l1cache805, AckMove_uncache_recv, , Accumulator, 20067092000, 67, 0, 0, 0, 0, 0
l1cache805, GetS_uncache_recv, , Accumulator, 20067092000, 67, 0, 0, 0, 0, 0
l1cache805, Write_uncache_recv, , Accumulator, 20067092000, 67, 0, 0, 0, 0, 0
l1cache805, GetSX_uncache_recv, , Accumulator, 20067092000, 67, 0, 0, 0, 0, 0
l1cache805, GetSResp_uncache_recv, , Accumulator, 20067092000, 67, 0, 0, 0, 0, 0
l1cache805, WriteResp_uncache_recv, , Accumulator, 20067092000, 67, 0, 0, 0, 0, 0
l1cache805, CustomReq_uncache_recv, , Accumulator, 20067092000, 67, 0, 0, 0, 0, 0
l1cache805, CustomResp_uncache_recv, , Accumulator, 20067092000, 67, 0, 0, 0, 0, 0
l1cache805, CustomAck_uncache_recv, , Accumulator, 20067092000, 67, 0, 0, 0, 0, 0
l1cache805, NULLCMD_recv, , Accumulator, 20067092000, 67, 0, 0, 0, 0, 0
l1cache805, GetS_recv, , Accumulator, 20067092000, 67, 2885331, 2885331, 2885331, 1, 1
l1cache805, GetX_recv, , Accumulator, 20067092000, 67, 0, 0, 0, 0, 0
l1cache805, GetSX_recv, , Accumulator, 20067092000, 67, 0, 0, 0, 0, 0
l1cache805, Write_recv, , Accumulator, 20067092000, 67, 787906, 787906, 787906, 1, 1
l1cache805, FlushLine_recv, , Accumulator, 20067092000, 67, 0, 0, 0, 0, 0
l1cache805, FlushLineInv_recv, , Accumulator, 20067092000, 67, 0, 0, 0, 0, 0
l1cache805, GetSResp_recv, , Accumulator, 20067092000, 67, 0, 0, 0, 0, 0
l1cache805, GetXResp_recv, , Accumulator, 20067092000, 67, 451, 451, 451, 1, 1
l1cache805, FlushLineResp_recv, , Accumulator, 20067092000, 67, 0, 0, 0, 0, 0
l1cache805, Inv_recv, , Accumulator, 20067092000, 67, 0, 0, 0, 0, 0
l1cache805, ForceInv_recv, , Accumulator, 20067092000, 67, 0, 0, 0, 0, 0
l1cache805, Fetch_recv, , Accumulator, 20067092000, 67, 0, 0, 0, 0, 0
l1cache805, FetchInv_recv, , Accumulator, 20067092000, 67, 0, 0, 0, 0, 0
l1cache805, FetchInvX_recv, , Accumulator, 20067092000, 67, 0, 0, 0, 0, 0
l1cache805, NACK_recv, , Accumulator, 20067092000, 67, 0, 0, 0, 0, 0
l1cache805, AckPut_recv, , Accumulator, 20067092000, 67, 0, 0, 0, 0, 0
l1cache805, MSHR_occupancy, , Accumulator, 20067092000, 67, 109354, 6078384, 40134184, 0, 64
l1cache805, Bank_conflicts, , Accumulator, 20067092000, 67, 0, 0, 0, 0, 0
memory805, requests_received_GetS, , Accumulator, 20067092000, 67, 7, 7, 7, 1, 1
memory805, requests_received_GetSX, , Accumulator, 20067092000, 67, 0, 0, 0, 0, 0
memory805, requests_received_GetX, , Accumulator, 20067092000, 67, 444, 444, 444, 1, 1
memory805, requests_received_Write, , Accumulator, 20067092000, 67, 0, 0, 0, 0, 0
memory805, requests_received_PutM, , Accumulator, 20067092000, 67, 195, 195, 195, 1, 1
memory805, outstanding_requests, , Accumulator, 20067092000, 67, 135875, 12164225, 40134184, 0, 128
memory805, latency_GetS, , Accumulator, 20067092000, 67, 1416, 286440, 7, 202, 204
memory805, latency_GetSX, , Accumulator, 20067092000, 67, 0, 0, 0, 0, 0
memory805, latency_GetX, , Accumulator, 20067092000, 67, 93346, 19746890, 444, 201, 263
memory805, latency_Write, , Accumulator, 20067092000, 67, 0, 0, 0, 0, 0
memory805, latency_PutM, , Accumulator, 20067092000, 67, 41113, 8723637, 195, 201, 261
memory805, cycles_with_issue, , Accumulator, 20067092000, 67, 646, 646, 646, 1, 1
memory805, cycles_attempted_issue_but_rejected, , Accumulator, 20067092000, 67, 0, 0, 0, 0, 0
memory805, total_cycles, , Accumulator, 20067092000, 67, 40134184, 1610752725345856, 1, 40134184, 40134184
cpu806:memory, ReadInFlight, , Accumulator, 20067092000, 67, 2885331, 2885331, 2885331, 1, 1
cpu806:memory, ReadPending, , Accumulator, 20067092000, 67, 2885331, 2885331, 2885331, 1, 1
cpu806:memory, ReadBytes, , Accumulator, 20067092000, 67, 0, 0, 0, 0, 0
cpu806:memory, WriteInFlight, , Accumulator, 20067092000, 67, 787906, 787906, 787906, 1, 1
cpu806:memory, WritePending, , Accumulator, 20067092000, 67, 787906, 787906, 787906, 1, 1
cpu806:memory, WriteBytes, , Accumulator, 20067092000, 67, 0, 0, 0, 0, 0
cpu806:memory, FlushInFlight, , Accumulator, 20067092000, 67, 0, 0, 0, 0, 0
cpu806:memory, FlushPending, , Accumulator, 20067092000, 67, 0, 0, 0, 0, 0
cpu806:memory, ReadLockInFlight, , Accumulator, 20067092000, 67, 0, 0, 0, 0, 0
cpu806:memory, ReadLockPending, , Accumulator, 20067092000, 67, 0, 0, 0, 0, 0
cpu806:memory, ReadLockBytes, , Accumulator, 20067092000, 67, 0, 0, 0, 0, 0
cpu806:memory, WriteUnlockInFlight, , Accumulator, 20067092000, 67, 0, 0, 0, 0, 0
cpu806:memory, WriteUnlockPending, , Accumulator, 20067092000, 67, 0, 0, 0, 0, 0
cpu806:memory, WriteUnlockBytes, , Accumulator, 20067092000, 67, 0, 0, 0, 0, 0
cpu806:memory, LoadLinkInFlight, , Accumulator, 20067092000, 67, 0, 0, 0, 0, 0
cpu806:memory, LoadLinkPending, , Accumulator, 20067092000, 67, 0, 0, 0, 0, 0
cpu806:memory, StoreCondInFlight, , Accumulator, 20067092000, 67, 0, 0, 0, 0, 0
cpu806:memory, StoreCondPending, , Accumulator, 20067092000, 67, 0, 0, 0, 0, 0
cpu806:memory, CustomInFlight, , Accumulator, 20067092000, 67, 0, 0, 0, 0, 0
cpu806:memory, CustomPending, , Accumulator, 20067092000, 67, 0, 0, 0, 0, 0
cpu806:memory, CustomBytes, , Accumulator, 20067092000, 67, 0, 0, 0, 0, 0
cpu806:memory, FencePending, , Accumulator, 20067092000, 67, 221, 221, 221, 1, 1
cpu806:memory, AMOAddBytes, , Accumulator, 20067092000, 67, 0, 0, 0, 0, 0
cpu806:memory, AMOAddPending, , Accumulator, 20067092000, 67, 0, 0, 0, 0, 0
cpu806:memory, AMOXorBytes, , Accumulator, 20067092000, 67, 0, 0, 0, 0, 0
cpu806:memory, AMOXorPending, , Accumulator, 20067092000, 67, 0, 0, 0, 0, 0
cpu806:memory, AMOAndBytes, , Accumulator, 20067092000, 67, 0, 0, 0, 0, 0
cpu806:memory, AMOAndPending, , Accumulator, 20067092000, 67, 0, 0, 0, 0, 0
cpu806:memory, AMOOrBytes, , Accumulator, 20067092000, 67, 0, 0, 0, 0, 0
cpu806:memory, AMOOrPending, , Accumulator, 20067092000, 67, 0, 0, 0, 0, 0
cpu806:memory, AMOMinBytes, , Accumulator, 20067092000, 67, 0, 0, 0, 0, 0
cpu806:memory, AMOMinPending, , Accumulator, 20067092000, 67, 0, 0, 0, 0, 0
cpu806:memory, AMOMaxBytes, , Accumulator, 20067092000, 67, 0, 0, 0, 0, 0
cpu806:memory, AMOMaxPending, , Accumulator, 20067092000, 67, 0, 0, 0, 0, 0
cpu806:memory, AMOMinuBytes, , Accumulator, 20067092000, 67, 0, 0, 0, 0, 0
cpu806:memory, AMOMinuPending, , Accumulator, 20067092000, 67, 0, 0, 0, 0, 0
cpu806:memory, AMOMaxuBytes, , Accumulator, 20067092000, 67, 0, 0, 0, 0, 0
cpu806:memory, AMOMaxuPending, , Accumulator, 20067092000, 67, 0, 0, 0, 0, 0
cpu806:memory, AMOSwapBytes, , Accumulator, 20067092000, 67, 0, 0, 0, 0, 0
cpu806:memory, AMOSwapPending, , Accumulator, 20067092000, 67, 0, 0, 0, 0, 0
cpu806, TotalCycles, core_0, Accumulator, 20067092000, 67, 40134184, 1610752725345856, 1, 40134184, 40134184
cpu806, CyclesWithIssue, core_0, Accumulator, 20067092000, 67, 10229779, 104648378388841, 1, 10229779, 10229779
cpu806, FloatsRead, core_0, Accumulator, 20067092000, 67, 0, 0, 1, 0, 0
cpu806, FloatsWritten, core_0, Accumulator, 20067092000, 67, 0, 0, 1, 0, 0
cpu806, DoublesRead, core_0, Accumulator, 20067092000, 67, 0, 0, 1, 0, 0
cpu806, DoublesWritten, core_0, Accumulator, 20067092000, 67, 0, 0, 1, 0, 0
cpu806, BytesRead, core_0, Accumulator, 20067092000, 67, 15739732, 247739163431824, 1, 15739732, 15739732
cpu806, BytesWritten, core_0, Accumulator, 20067092000, 67, 4228595, 17881015674025, 1, 4228595, 4228595
cpu806, FloatsExec, core_0, Accumulator, 20067092000, 67, 0, 0, 1, 0, 0
cpu806, TLBHitsPerCore, core_0, Accumulator, 20067092000, 67, 3672717, 13488850162089, 1, 3672717, 3672717
cpu806, TLBMissesPerCore, core_0, Accumulator, 20067092000, 67, 520, 270400, 1, 520, 520
l1cache806, default_stat, , Accumulator, 20067092000, 67, 0, 0, 0, 0, 0
l1cache806, stateEvent_GetS_I, , Accumulator, 20067092000, 67, 7, 7, 7, 1, 1
l1cache806, stateEvent_GetS_S, , Accumulator, 20067092000, 67, 0, 0, 0, 0, 0
l1cache806, stateEvent_GetS_M, , Accumulator, 20067092000, 67, 2360835, 2360835, 2360835, 1, 1
l1cache806, stateEvent_GetX_I, , Accumulator, 20067092000, 67, 444, 444, 444, 1, 1
l1cache806, stateEvent_GetX_S, , Accumulator, 20067092000, 67, 0, 0, 0, 0, 0
l1cache806, stateEvent_GetX_M, , Accumulator, 20067092000, 67, 787462, 787462, 787462, 1, 1
l1cache806, stateEvent_GetSX_I, , Accumulator, 20067092000, 67, 0, 0, 0, 0, 0
l1cache806, stateEvent_GetSX_S, , Accumulator, 20067092000, 67, 0, 0, 0, 0, 0
l1cache806, stateEvent_GetSX_M, , Accumulator, 20067092000, 67, 0, 0, 0, 0, 0
l1cache806, stateEvent_GetSResp_IS, , Accumulator, 20067092000, 67, 0, 0, 0, 0, 0
l1cache806, stateEvent_GetXResp_IS, , Accumulator, 20067092000, 67, 7, 7, 7, 1, 1
l1cache806, stateEvent_GetXResp_IM, , Accumulator, 20067092000, 67, 444, 444, 444, 1, 1
l1cache806, stateEvent_GetXResp_SM, , Accumulator, 20067092000, 67, 0, 0, 0, 0, 0
l1cache806, stateEvent_Inv_I, , Accumulator, 20067092000, 67, 0, 0, 0, 0, 0
l1cache806, stateEvent_Inv_S, , Accumulator, 20067092000, 67, 0, 0, 0, 0, 0
l1cache806, stateEvent_Inv_IS, , Accumulator, 20067092000, 67, 0, 0, 0, 0, 0
l1cache806, stateEvent_Inv_IM, , Accumulator, 20067092000, 67, 0, 0, 0, 0, 0
l1cache806, stateEvent_Inv_SM, , Accumulator, 20067092000, 67, 0, 0, 0, 0, 0
l1cache806, stateEvent_Inv_SB, , Accumulator, 20067092000, 67, 0, 0, 0, 0, 0
l1cache806, stateEvent_Inv_IB, , Accumulator, 20067092000, 67, 0, 0, 0, 0, 0
l1cache806, stateEvent_FetchInvX_I, , Accumulator, 20067092000, 67, 0, 0, 0, 0, 0
l1cache806, stateEvent_FetchInvX_M, , Accumulator, 20067092000, 67, 0, 0, 0, 0, 0
l1cache806, stateEvent_FetchInvX_IS, , Accumulator, 20067092000, 67, 0, 0, 0, 0, 0
l1cache806, stateEvent_FetchInvX_IM, , Accumulator, 20067092000, 67, 0, 0, 0, 0, 0
l1cache806, stateEvent_FetchInvX_SB, , Accumulator, 20067092000, 67, 0, 0, 0, 0, 0
l1cache806, stateEvent_FetchInvX_IB, , Accumulator, 20067092000, 67, 0, 0, 0, 0, 0
l1cache806, stateEvent_Fetch_I, , Accumulator, 20067092000, 67, 0, 0, 0, 0, 0
l1cache806, stateEvent_Fetch_S, , Accumulator, 20067092000, 67, 0, 0, 0, 0, 0
l1cache806, stateEvent_Fetch_IS, , Accumulator, 20067092000, 67, 0, 0, 0, 0, 0
l1cache806, stateEvent_Fetch_IM, , Accumulator, 20067092000, 67, 0, 0, 0, 0, 0
l1cache806, stateEvent_Fetch_SM, , Accumulator, 20067092000, 67, 0, 0, 0, 0, 0
l1cache806, stateEvent_Fetch_IB, , Accumulator, 20067092000, 67, 0, 0, 0, 0, 0
l1cache806, stateEvent_Fetch_SB, , Accumulator, 20067092000, 67, 0, 0, 0, 0, 0
l1cache806, stateEvent_FetchInv_I, , Accumulator, 20067092000, 67, 0, 0, 0, 0, 0
l1cache806, stateEvent_FetchInv_S, , Accumulator, 20067092000, 67, 0, 0, 0, 0, 0
l1cache806, stateEvent_FetchInv_M, , Accumulator, 20067092000, 67, 0, 0, 0, 0, 0
l1cache806, stateEvent_FetchInv_IS, , Accumulator, 20067092000, 67, 0, 0, 0, 0, 0
l1cache806, stateEvent_FetchInv_IM, , Accumulator, 20067092000, 67, 0, 0, 0, 0, 0
l1cache806, stateEvent_FetchInv_SM, , Accumulator, 20067092000, 67, 0, 0, 0, 0, 0
l1cache806, stateEvent_FetchInv_SB, , Accumulator, 20067092000, 67, 0, 0, 0, 0, 0
l1cache806, stateEvent_FetchInv_IB, , Accumulator, 20067092000, 67, 0, 0, 0, 0, 0
l1cache806, stateEvent_ForceInv_I, , Accumulator, 20067092000, 67, 0, 0, 0, 0, 0
l1cache806, stateEvent_ForceInv_S, , Accumulator, 20067092000, 67, 0, 0, 0, 0, 0
l1cache806, stateEvent_ForceInv_M, , Accumulator, 20067092000, 67, 0, 0, 0, 0, 0
l1cache806, stateEvent_ForceInv_IS, , Accumulator, 20067092000, 67, 0, 0, 0, 0, 0
l1cache806, stateEvent_ForceInv_IM, , Accumulator, 20067092000, 67, 0, 0, 0, 0, 0
l1cache806, stateEvent_ForceInv_SM, , Accumulator, 20067092000, 67, 0, 0, 0, 0, 0
l1cache806, stateEvent_ForceInv_SB, , Accumulator, 20067092000, 67, 0, 0, 0, 0, 0
l1cache806, stateEvent_ForceInv_IB, , Accumulator, 20067092000, 67, 0, 0, 0, 0, 0
l1cache806, stateEvent_FlushLine_I, , Accumulator, 20067092000, 67, 0, 0, 0, 0, 0
l1cache806, stateEvent_FlushLine_S, , Accumulator, 20067092000, 67, 0, 0, 0, 0, 0
l1cache806, stateEvent_FlushLine_M, , Accumulator, 20067092000, 67, 0, 0, 0, 0, 0
l1cache806, stateEvent_FlushLineInv_I, , Accumulator, 20067092000, 67, 0, 0, 0, 0, 0
l1cache806, stateEvent_FlushLineInv_S, , Accumulator, 20067092000, 67, 0, 0, 0, 0, 0
l1cache806, stateEvent_FlushLineInv_M, , Accumulator, 20067092000, 67, 0, 0, 0, 0, 0
l1cache806, stateEvent_FlushLineResp_I, , Accumulator, 20067092000, 67, 0, 0, 0, 0, 0
l1cache806, stateEvent_FlushLineResp_IB, , Accumulator, 20067092000, 67, 0, 0, 0, 0, 0
l1cache806, stateEvent_FlushLineResp_SB, , Accumulator, 20067092000, 67, 0, 0, 0, 0, 0
l1cache806, eventSent_GetS, , Accumulator, 20067092000, 67, 7, 7, 7, 1, 1
l1cache806, eventSent_GetX, , Accumulator, 20067092000, 67, 444, 444, 444, 1, 1
l1cache806, eventSent_GetSX, , Accumulator, 20067092000, 67, 0, 0, 0, 0, 0
l1cache806, eventSent_Write, , Accumulator, 20067092000, 67, 0, 0, 0, 0, 0
l1cache806, eventSent_PutM, , Accumulator, 20067092000, 67, 195, 195, 195, 1, 1
l1cache806, eventSent_NACK, , Accumulator, 20067092000, 67, 0, 0, 0, 0, 0
l1cache806, eventSent_FlushLine, , Accumulator, 20067092000, 67, 0, 0, 0, 0, 0
l1cache806, eventSent_FlushLineInv, , Accumulator, 20067092000, 67, 0, 0, 0, 0, 0
l1cache806, eventSent_FetchResp, , Accumulator, 20067092000, 67, 0, 0, 0, 0, 0
l1cache806, eventSent_FetchXResp, , Accumulator, 20067092000, 67, 0, 0, 0, 0, 0
l1cache806, eventSent_AckInv, , Accumulator, 20067092000, 67, 0, 0, 0, 0, 0
l1cache806, eventSent_GetSResp, , Accumulator, 20067092000, 67, 2885331, 2885331, 2885331, 1, 1
l1cache806, eventSent_GetXResp, , Accumulator, 20067092000, 67, 0, 0, 0, 0, 0
l1cache806, eventSent_WriteResp, , Accumulator, 20067092000, 67, 787906, 787906, 787906, 1, 1
l1cache806, eventSent_FlushLineResp, , Accumulator, 20067092000, 67, 0, 0, 0, 0, 0
l1cache806, eventSent_Put, , Accumulator, 20067092000, 67, 0, 0, 0, 0, 0
l1cache806, eventSent_Get, , Accumulator, 20067092000, 67, 0, 0, 0, 0, 0
l1cache806, eventSent_AckMove, , Accumulator, 20067092000, 67, 0, 0, 0, 0, 0
l1cache806, eventSent_CustomReq, , Accumulator, 20067092000, 67, 0, 0, 0, 0, 0
l1cache806, eventSent_CustomResp, , Accumulator, 20067092000, 67, 0, 0, 0, 0, 0
l1cache806, eventSent_CustomAck, , Accumulator, 20067092000, 67, 0, 0, 0, 0, 0
l1cache806, EventStalledForLockedCacheline, , Accumulator, 20067092000, 67, 0, 0, 0, 0, 0
l1cache806, evict_I, , Accumulator, 20067092000, 67, 256, 256, 256, 1, 1
l1cache806, evict_S, , Accumulator, 20067092000, 67, 0, 0, 0, 0, 0
l1cache806, evict_M, , Accumulator, 20067092000, 67, 195, 195, 195, 1, 1
l1cache806, evict_IS, , Accumulator, 20067092000, 67, 0, 0, 0, 0, 0
l1cache806, evict_IM, , Accumulator, 20067092000, 67, 0, 0, 0, 0, 0
l1cache806, evict_SM, , Accumulator, 20067092000, 67, 0, 0, 0, 0, 0
l1cache806, evict_SB, , Accumulator, 20067092000, 67, 0, 0, 0, 0, 0
l1cache806, latency_GetS_hit, , Accumulator, 20067092000, 67, 15488590, 87113032, 2885324, 5, 261
l1cache806, latency_GetS_miss, , Accumulator, 20067092000, 67, 1514, 327460, 7, 216, 218
l1cache806, latency_GetX_hit, , Accumulator, 20067092000, 67, 3938760, 20005344, 787462, 5, 270
l1cache806, latency_GetX_miss, , Accumulator, 20067092000, 67, 99562, 22447602, 444, 215, 277
l1cache806, latency_GetX_upgrade, , Accumulator, 20067092000, 67, 0, 0, 0, 0, 0
l1cache806, latency_GetSX_hit, , Accumulator, 20067092000, 67, 0, 0, 0, 0, 0
l1cache806, latency_GetSX_miss, , Accumulator, 20067092000, 67, 0, 0, 0, 0, 0
l1cache806, latency_GetSX_upgrade, , Accumulator, 20067092000, 67, 0, 0, 0, 0, 0
l1cache806, latency_FlushLine, , Accumulator, 20067092000, 67, 0, 0, 0, 0, 0
l1cache806, latency_FlushLine_fail, , Accumulator, 20067092000, 67, 0, 0, 0, 0, 0
l1cache806, latency_FlushLineInv, , Accumulator, 20067092000, 67, 0, 0, 0, 0, 0
l1cache806, latency_FlushLineInv_fail, , Accumulator, 20067092000, 67, 0, 0, 0, 0, 0
l1cache806, GetSHit_Arrival, , Accumulator, 20067092000, 67, 2885281, 2885281, 2885281, 1, 1
l1cache806, GetXHit_Arrival, , Accumulator, 20067092000, 67, 787455, 787455, 787455, 1, 1
l1cache806, GetSXHit_Arrival, , Accumulator, 20067092000, 67, 0, 0, 0, 0, 0
l1cache806, GetSHit_Blocked, , Accumulator, 20067092000, 67, 43, 43, 43, 1, 1
l1cache806, GetXHit_Blocked, , Accumulator, 20067092000, 67, 7, 7, 7, 1, 1
l1cache806, GetSXHit_Blocked, , Accumulator, 20067092000, 67, 0, 0, 0, 0, 0
l1cache806, GetSMiss_Arrival, , Accumulator, 20067092000, 67, 7, 7, 7, 1, 1
l1cache806, GetXMiss_Arrival, , Accumulator, 20067092000, 67, 444, 444, 444, 1, 1
l1cache806, GetSXMiss_Arrival, , Accumulator, 20067092000, 67, 0, 0, 0, 0, 0
l1cache806, GetSMiss_Blocked, , Accumulator, 20067092000, 67, 0, 0, 0, 0, 0
l1cache806, GetXMiss_Blocked, , Accumulator, 20067092000, 67, 0, 0, 0, 0, 0
l1cache806, GetSXMiss_Blocked, , Accumulator, 20067092000, 67, 0, 0, 0, 0, 0
l1cache806, CacheHits, , Accumulator, 20067092000, 67, 3672786, 3672786, 3672786, 1, 1
l1cache806, CacheMisses, , Accumulator, 20067092000, 67, 451, 451, 451, 1, 1
l1cache806, stateEvent_AckPut_I, , Accumulator, 20067092000, 67, 0, 0, 0, 0, 0
l1cache806, eventSent_PutS, , Accumulator, 20067092000, 67, 0, 0, 0, 0, 0
l1cache806, eventSent_PutE, , Accumulator, 20067092000, 67, 0, 0, 0, 0, 0
l1cache806, stateEvent_GetS_E, , Accumulator, 20067092000, 67, 524489, 524489, 524489, 1, 1
l1cache806, stateEvent_GetX_E, , Accumulator, 20067092000, 67, 0, 0, 0, 0, 0
l1cache806, stateEvent_GetSX_E, , Accumulator, 20067092000, 67, 0, 0, 0, 0, 0
l1cache806, stateEvent_FlushLine_E, , Accumulator, 20067092000, 67, 0, 0, 0, 0, 0
l1cache806, stateEvent_FlushLineInv_E, , Accumulator, 20067092000, 67, 0, 0, 0, 0, 0
l1cache806, stateEvent_FetchInv_E, , Accumulator, 20067092000, 67, 0, 0, 0, 0, 0
l1cache806, stateEvent_ForceInv_E, , Accumulator, 20067092000, 67, 0, 0, 0, 0, 0
l1cache806, stateEvent_FetchInvX_E, , Accumulator, 20067092000, 67, 0, 0, 0, 0, 0
l1cache806, evict_E, , Accumulator, 20067092000, 67, 0, 0, 0, 0, 0
l1cache806, TotalEventsReceived, , Accumulator, 20067092000, 67, 3673688, 3673688, 3673688, 1, 1
l1cache806, TotalEventsReplayed, , Accumulator, 20067092000, 67, 50, 50, 50, 1, 1
l1cache806, Put_uncache_recv, , Accumulator, 20067092000, 67, 0, 0, 0, 0, 0
l1cache806, Get_uncache_recv, , Accumulator, 20067092000, 67, 0, 0, 0, 0, 0
l1cache806, AckMove_uncache_recv, , Accumulator, 20067092000, 67, 0, 0, 0, 0, 0
l1cache806, GetS_uncache_recv, , Accumulator, 20067092000, 67, 0, 0, 0, 0, 0
l1cache806, Write_uncache_recv, , Accumulator, 20067092000, 67, 0, 0, 0, 0, 0
l1cache806, GetSX_uncache_recv, , Accumulator, 20067092000, 67, 0, 0, 0, 0, 0
l1cache806, GetSResp_uncache_recv, , Accumulator, 20067092000, 67, 0, 0, 0, 0, 0
l1cache806, WriteResp_uncache_recv, , Accumulator, 20067092000, 67, 0, 0, 0, 0, 0
l1cache806, CustomReq_uncache_recv, , Accumulator, 20067092000, 67, 0, 0, 0, 0, 0
l1cache806, CustomResp_uncache_recv, , Accumulator, 20067092000, 67, 0, 0, 0, 0, 0
l1cache806, CustomAck_uncache_recv, , Accumulator, 20067092000, 67, 0, 0, 0, 0, 0
l1cache806, NULLCMD_recv, , Accumulator, 20067092000, 67, 0, 0, 0, 0, 0
l1cache806, GetS_recv, , Accumulator, 20067092000, 67, 2885331, 2885331, 2885331, 1, 1
l1cache806, GetX_recv, , Accumulator, 20067092000, 67, 0, 0, 0, 0, 0
l1cache806, GetSX_recv, , Accumulator, 20067092000, 67, 0, 0, 0, 0, 0
l1cache806, Write_recv, , Accumulator, 20067092000, 67, 787906, 787906, 787906, 1, 1
l1cache806, FlushLine_recv, , Accumulator, 20067092000, 67, 0, 0, 0, 0, 0
l1cache806, FlushLineInv_recv, , Accumulator, 20067092000, 67, 0, 0, 0, 0, 0
l1cache806, GetSResp_recv, , Accumulator, 20067092000, 67, 0, 0, 0, 0, 0
l1cache806, GetXResp_recv, , Accumulator, 20067092000, 67, 451, 451, 451, 1, 1
l1cache806, FlushLineResp_recv, , Accumulator, 20067092000, 67, 0, 0, 0, 0, 0
l1cache806, Inv_recv, , Accumulator, 20067092000, 67, 0, 0, 0, 0, 0
l1cache806, ForceInv_recv, , Accumulator, 20067092000, 67, 0, 0, 0, 0, 0
l1cache806, Fetch_recv, , Accumulator, 20067092000, 67, 0, 0, 0, 0, 0
l1cache806, FetchInv_recv, , Accumulator, 20067092000, 67, 0, 0, 0, 0, 0
l1cache806, FetchInvX_recv, , Accumulator, 20067092000, 67, 0, 0, 0, 0, 0
l1cache806, NACK_recv, , Accumulator, 20067092000, 67, 0, 0, 0, 0, 0
l1cache806, AckPut_recv, , Accumulator, 20067092000, 67, 0, 0, 0, 0, 0
l1cache806, MSHR_occupancy, , Accumulator, 20067092000, 67, 109354, 6078384, 40134184, 0, 64
l1cache806, Bank_conflicts, , Accumulator, 20067092000, 67, 0, 0, 0, 0, 0
memory806, requests_received_GetS, , Accumulator, 20067092000, 67, 7, 7, 7, 1, 1
memory806, requests_received_GetSX, , Accumulator, 20067092000, 67, 0, 0, 0, 0, 0
memory806, requests_received_GetX, , Accumulator, 20067092000, 67, 444, 444, 444, 1, 1
memory806, requests_received_Write, , Accumulator, 20067092000, 67, 0, 0, 0, 0, 0
memory806, requests_received_PutM, , Accumulator, 20067092000, 67, 195, 195, 195, 1, 1
memory806, outstanding_requests, , Accumulator, 20067092000, 67, 135875, 12164225, 40134184, 0, 128
memory806, latency_GetS, , Accumulator, 20067092000, 67, 1416, 286440, 7, 202, 204
memory806, latency_GetSX, , Accumulator, 20067092000, 67, 0, 0, 0, 0, 0
memory806, latency_GetX, , Accumulator, 20067092000, 67, 93346, 19746890, 444, 201, 263
memory806, latency_Write, , Accumulator, 20067092000, 67, 0, 0, 0, 0, 0
memory806, latency_PutM, , Accumulator, 20067092000, 67, 41113, 8723637, 195, 201, 261
memory806, cycles_with_issue, , Accumulator, 20067092000, 67, 646, 646, 646, 1, 1
memory806, cycles_attempted_issue_but_rejected, , Accumulator, 20067092000, 67, 0, 0, 0, 0, 0
memory806, total_cycles, , Accumulator, 20067092000, 67, 40134184, 1610752725345856, 1, 40134184, 40134184
cpu807:memory, ReadInFlight, , Accumulator, 20067092000, 67, 2885331, 2885331, 2885331, 1, 1
cpu807:memory, ReadPending, , Accumulator, 20067092000, 67, 2885331, 2885331, 2885331, 1, 1
cpu807:memory, ReadBytes, , Accumulator, 20067092000, 67, 0, 0, 0, 0, 0
cpu807:memory, WriteInFlight, , Accumulator, 20067092000, 67, 787906, 787906, 787906, 1, 1
cpu807:memory, WritePending, , Accumulator, 20067092000, 67, 787906, 787906, 787906, 1, 1
cpu807:memory, WriteBytes, , Accumulator, 20067092000, 67, 0, 0, 0, 0, 0
cpu807:memory, FlushInFlight, , Accumulator, 20067092000, 67, 0, 0, 0, 0, 0
cpu807:memory, FlushPending, , Accumulator, 20067092000, 67, 0, 0, 0, 0, 0
cpu807:memory, ReadLockInFlight, , Accumulator, 20067092000, 67, 0, 0, 0, 0, 0
cpu807:memory, ReadLockPending, , Accumulator, 20067092000, 67, 0, 0, 0, 0, 0
cpu807:memory, ReadLockBytes, , Accumulator, 20067092000, 67, 0, 0, 0, 0, 0
cpu807:memory, WriteUnlockInFlight, , Accumulator, 20067092000, 67, 0, 0, 0, 0, 0
cpu807:memory, WriteUnlockPending, , Accumulator, 20067092000, 67, 0, 0, 0, 0, 0
cpu807:memory, WriteUnlockBytes, , Accumulator, 20067092000, 67, 0, 0, 0, 0, 0
cpu807:memory, LoadLinkInFlight, , Accumulator, 20067092000, 67, 0, 0, 0, 0, 0
cpu807:memory, LoadLinkPending, , Accumulator, 20067092000, 67, 0, 0, 0, 0, 0
cpu807:memory, StoreCondInFlight, , Accumulator, 20067092000, 67, 0, 0, 0, 0, 0
cpu807:memory, StoreCondPending, , Accumulator, 20067092000, 67, 0, 0, 0, 0, 0
cpu807:memory, CustomInFlight, , Accumulator, 20067092000, 67, 0, 0, 0, 0, 0
cpu807:memory, CustomPending, , Accumulator, 20067092000, 67, 0, 0, 0, 0, 0
cpu807:memory, CustomBytes, , Accumulator, 20067092000, 67, 0, 0, 0, 0, 0
cpu807:memory, FencePending, , Accumulator, 20067092000, 67, 221, 221, 221, 1, 1
cpu807:memory, AMOAddBytes, , Accumulator, 20067092000, 67, 0, 0, 0, 0, 0
cpu807:memory, AMOAddPending, , Accumulator, 20067092000, 67, 0, 0, 0, 0, 0
cpu807:memory, AMOXorBytes, , Accumulator, 20067092000, 67, 0, 0, 0, 0, 0
cpu807:memory, AMOXorPending, , Accumulator, 20067092000, 67, 0, 0, 0, 0, 0
cpu807:memory, AMOAndBytes, , Accumulator, 20067092000, 67, 0, 0, 0, 0, 0
cpu807:memory, AMOAndPending, , Accumulator, 20067092000, 67, 0, 0, 0, 0, 0
cpu807:memory, AMOOrBytes, , Accumulator, 20067092000, 67, 0, 0, 0, 0, 0
cpu807:memory, AMOOrPending, , Accumulator, 20067092000, 67, 0, 0, 0, 0, 0
cpu807:memory, AMOMinBytes, , Accumulator, 20067092000, 67, 0, 0, 0, 0, 0
cpu807:memory, AMOMinPending, , Accumulator, 20067092000, 67, 0, 0, 0, 0, 0
cpu807:memory, AMOMaxBytes, , Accumulator, 20067092000, 67, 0, 0, 0, 0, 0
cpu807:memory, AMOMaxPending, , Accumulator, 20067092000, 67, 0, 0, 0, 0, 0
cpu807:memory, AMOMinuBytes, , Accumulator, 20067092000, 67, 0, 0, 0, 0, 0
cpu807:memory, AMOMinuPending, , Accumulator, 20067092000, 67, 0, 0, 0, 0, 0
cpu807:memory, AMOMaxuBytes, , Accumulator, 20067092000, 67, 0, 0, 0, 0, 0
cpu807:memory, AMOMaxuPending, , Accumulator, 20067092000, 67, 0, 0, 0, 0, 0
cpu807:memory, AMOSwapBytes, , Accumulator, 20067092000, 67, 0, 0, 0, 0, 0
cpu807:memory, AMOSwapPending, , Accumulator, 20067092000, 67, 0, 0, 0, 0, 0
cpu807, TotalCycles, core_0, Accumulator, 20067092000, 67, 40134184, 1610752725345856, 1, 40134184, 40134184
cpu807, CyclesWithIssue, core_0, Accumulator, 20067092000, 67, 10229779, 104648378388841, 1, 10229779, 10229779
cpu807, FloatsRead, core_0, Accumulator, 20067092000, 67, 0, 0, 1, 0, 0
cpu807, FloatsWritten, core_0, Accumulator, 20067092000, 67, 0, 0, 1, 0, 0
cpu807, DoublesRead, core_0, Accumulator, 20067092000, 67, 0, 0, 1, 0, 0
cpu807, DoublesWritten, core_0, Accumulator, 20067092000, 67, 0, 0, 1, 0, 0
cpu807, BytesRead, core_0, Accumulator, 20067092000, 67, 15739732, 247739163431824, 1, 15739732, 15739732
cpu807, BytesWritten, core_0, Accumulator, 20067092000, 67, 4228595, 17881015674025, 1, 4228595, 4228595
cpu807, FloatsExec, core_0, Accumulator, 20067092000, 67, 0, 0, 1, 0, 0
cpu807, TLBHitsPerCore, core_0, Accumulator, 20067092000, 67, 3672717, 13488850162089, 1, 3672717, 3672717
cpu807, TLBMissesPerCore, core_0, Accumulator, 20067092000, 67, 520, 270400, 1, 520, 520
l1cache807, default_stat, , Accumulator, 20067092000, 67, 0, 0, 0, 0, 0
l1cache807, stateEvent_GetS_I, , Accumulator, 20067092000, 67, 7, 7, 7, 1, 1
l1cache807, stateEvent_GetS_S, , Accumulator, 20067092000, 67, 0, 0, 0, 0, 0
l1cache807, stateEvent_GetS_M, , Accumulator, 20067092000, 67, 2360835, 2360835, 2360835, 1, 1
l1cache807, stateEvent_GetX_I, , Accumulator, 20067092000, 67, 444, 444, 444, 1, 1
l1cache807, stateEvent_GetX_S, , Accumulator, 20067092000, 67, 0, 0, 0, 0, 0
l1cache807, stateEvent_GetX_M, , Accumulator, 20067092000, 67, 787462, 787462, 787462, 1, 1
l1cache807, stateEvent_GetSX_I, , Accumulator, 20067092000, 67, 0, 0, 0, 0, 0
l1cache807, stateEvent_GetSX_S, , Accumulator, 20067092000, 67, 0, 0, 0, 0, 0
l1cache807, stateEvent_GetSX_M, , Accumulator, 20067092000, 67, 0, 0, 0, 0, 0
l1cache807, stateEvent_GetSResp_IS, , Accumulator, 20067092000, 67, 0, 0, 0, 0, 0
l1cache807, stateEvent_GetXResp_IS, , Accumulator, 20067092000, 67, 7, 7, 7, 1, 1
l1cache807, stateEvent_GetXResp_IM, , Accumulator, 20067092000, 67, 444, 444, 444, 1, 1
l1cache807, stateEvent_GetXResp_SM, , Accumulator, 20067092000, 67, 0, 0, 0, 0, 0
l1cache807, stateEvent_Inv_I, , Accumulator, 20067092000, 67, 0, 0, 0, 0, 0
l1cache807, stateEvent_Inv_S, , Accumulator, 20067092000, 67, 0, 0, 0, 0, 0
l1cache807, stateEvent_Inv_IS, , Accumulator, 20067092000, 67, 0, 0, 0, 0, 0
l1cache807, stateEvent_Inv_IM, , Accumulator, 20067092000, 67, 0, 0, 0, 0, 0
l1cache807, stateEvent_Inv_SM, , Accumulator, 20067092000, 67, 0, 0, 0, 0, 0
l1cache807, stateEvent_Inv_SB, , Accumulator, 20067092000, 67, 0, 0, 0, 0, 0
l1cache807, stateEvent_Inv_IB, , Accumulator, 20067092000, 67, 0, 0, 0, 0, 0
l1cache807, stateEvent_FetchInvX_I, , Accumulator, 20067092000, 67, 0, 0, 0, 0, 0
l1cache807, stateEvent_FetchInvX_M, , Accumulator, 20067092000, 67, 0, 0, 0, 0, 0
l1cache807, stateEvent_FetchInvX_IS, , Accumulator, 20067092000, 67, 0, 0, 0, 0, 0
l1cache807, stateEvent_FetchInvX_IM, , Accumulator, 20067092000, 67, 0, 0, 0, 0, 0
l1cache807, stateEvent_FetchInvX_SB, , Accumulator, 20067092000, 67, 0, 0, 0, 0, 0
l1cache807, stateEvent_FetchInvX_IB, , Accumulator, 20067092000, 67, 0, 0, 0, 0, 0
l1cache807, stateEvent_Fetch_I, , Accumulator, 20067092000, 67, 0, 0, 0, 0, 0
l1cache807, stateEvent_Fetch_S, , Accumulator, 20067092000, 67, 0, 0, 0, 0, 0
l1cache807, stateEvent_Fetch_IS, , Accumulator, 20067092000, 67, 0, 0, 0, 0, 0
l1cache807, stateEvent_Fetch_IM, , Accumulator, 20067092000, 67, 0, 0, 0, 0, 0
l1cache807, stateEvent_Fetch_SM, , Accumulator, 20067092000, 67, 0, 0, 0, 0, 0
l1cache807, stateEvent_Fetch_IB, , Accumulator, 20067092000, 67, 0, 0, 0, 0, 0
l1cache807, stateEvent_Fetch_SB, , Accumulator, 20067092000, 67, 0, 0, 0, 0, 0
l1cache807, stateEvent_FetchInv_I, , Accumulator, 20067092000, 67, 0, 0, 0, 0, 0
l1cache807, stateEvent_FetchInv_S, , Accumulator, 20067092000, 67, 0, 0, 0, 0, 0
l1cache807, stateEvent_FetchInv_M, , Accumulator, 20067092000, 67, 0, 0, 0, 0, 0
l1cache807, stateEvent_FetchInv_IS, , Accumulator, 20067092000, 67, 0, 0, 0, 0, 0
l1cache807, stateEvent_FetchInv_IM, , Accumulator, 20067092000, 67, 0, 0, 0, 0, 0
l1cache807, stateEvent_FetchInv_SM, , Accumulator, 20067092000, 67, 0, 0, 0, 0, 0
l1cache807, stateEvent_FetchInv_SB, , Accumulator, 20067092000, 67, 0, 0, 0, 0, 0
l1cache807, stateEvent_FetchInv_IB, , Accumulator, 20067092000, 67, 0, 0, 0, 0, 0
l1cache807, stateEvent_ForceInv_I, , Accumulator, 20067092000, 67, 0, 0, 0, 0, 0
l1cache807, stateEvent_ForceInv_S, , Accumulator, 20067092000, 67, 0, 0, 0, 0, 0
l1cache807, stateEvent_ForceInv_M, , Accumulator, 20067092000, 67, 0, 0, 0, 0, 0
l1cache807, stateEvent_ForceInv_IS, , Accumulator, 20067092000, 67, 0, 0, 0, 0, 0
l1cache807, stateEvent_ForceInv_IM, , Accumulator, 20067092000, 67, 0, 0, 0, 0, 0
l1cache807, stateEvent_ForceInv_SM, , Accumulator, 20067092000, 67, 0, 0, 0, 0, 0
l1cache807, stateEvent_ForceInv_SB, , Accumulator, 20067092000, 67, 0, 0, 0, 0, 0
l1cache807, stateEvent_ForceInv_IB, , Accumulator, 20067092000, 67, 0, 0, 0, 0, 0
l1cache807, stateEvent_FlushLine_I, , Accumulator, 20067092000, 67, 0, 0, 0, 0, 0
l1cache807, stateEvent_FlushLine_S, , Accumulator, 20067092000, 67, 0, 0, 0, 0, 0
l1cache807, stateEvent_FlushLine_M, , Accumulator, 20067092000, 67, 0, 0, 0, 0, 0
l1cache807, stateEvent_FlushLineInv_I, , Accumulator, 20067092000, 67, 0, 0, 0, 0, 0
l1cache807, stateEvent_FlushLineInv_S, , Accumulator, 20067092000, 67, 0, 0, 0, 0, 0
l1cache807, stateEvent_FlushLineInv_M, , Accumulator, 20067092000, 67, 0, 0, 0, 0, 0
l1cache807, stateEvent_FlushLineResp_I, , Accumulator, 20067092000, 67, 0, 0, 0, 0, 0
l1cache807, stateEvent_FlushLineResp_IB, , Accumulator, 20067092000, 67, 0, 0, 0, 0, 0
l1cache807, stateEvent_FlushLineResp_SB, , Accumulator, 20067092000, 67, 0, 0, 0, 0, 0
l1cache807, eventSent_GetS, , Accumulator, 20067092000, 67, 7, 7, 7, 1, 1
l1cache807, eventSent_GetX, , Accumulator, 20067092000, 67, 444, 444, 444, 1, 1
l1cache807, eventSent_GetSX, , Accumulator, 20067092000, 67, 0, 0, 0, 0, 0
l1cache807, eventSent_Write, , Accumulator, 20067092000, 67, 0, 0, 0, 0, 0
l1cache807, eventSent_PutM, , Accumulator, 20067092000, 67, 195, 195, 195, 1, 1
l1cache807, eventSent_NACK, , Accumulator, 20067092000, 67, 0, 0, 0, 0, 0
l1cache807, eventSent_FlushLine, , Accumulator, 20067092000, 67, 0, 0, 0, 0, 0
l1cache807, eventSent_FlushLineInv, , Accumulator, 20067092000, 67, 0, 0, 0, 0, 0
l1cache807, eventSent_FetchResp, , Accumulator, 20067092000, 67, 0, 0, 0, 0, 0
l1cache807, eventSent_FetchXResp, , Accumulator, 20067092000, 67, 0, 0, 0, 0, 0
l1cache807, eventSent_AckInv, , Accumulator, 20067092000, 67, 0, 0, 0, 0, 0
l1cache807, eventSent_GetSResp, , Accumulator, 20067092000, 67, 2885331, 2885331, 2885331, 1, 1
l1cache807, eventSent_GetXResp, , Accumulator, 20067092000, 67, 0, 0, 0, 0, 0
l1cache807, eventSent_WriteResp, , Accumulator, 20067092000, 67, 787906, 787906, 787906, 1, 1
l1cache807, eventSent_FlushLineResp, , Accumulator, 20067092000, 67, 0, 0, 0, 0, 0
l1cache807, eventSent_Put, , Accumulator, 20067092000, 67, 0, 0, 0, 0, 0
l1cache807, eventSent_Get, , Accumulator, 20067092000, 67, 0, 0, 0, 0, 0
l1cache807, eventSent_AckMove, , Accumulator, 20067092000, 67, 0, 0, 0, 0, 0
l1cache807, eventSent_CustomReq, , Accumulator, 20067092000, 67, 0, 0, 0, 0, 0
l1cache807, eventSent_CustomResp, , Accumulator, 20067092000, 67, 0, 0, 0, 0, 0
l1cache807, eventSent_CustomAck, , Accumulator, 20067092000, 67, 0, 0, 0, 0, 0
l1cache807, EventStalledForLockedCacheline, , Accumulator, 20067092000, 67, 0, 0, 0, 0, 0
l1cache807, evict_I, , Accumulator, 20067092000, 67, 256, 256, 256, 1, 1
l1cache807, evict_S, , Accumulator, 20067092000, 67, 0, 0, 0, 0, 0
l1cache807, evict_M, , Accumulator, 20067092000, 67, 195, 195, 195, 1, 1
l1cache807, evict_IS, , Accumulator, 20067092000, 67, 0, 0, 0, 0, 0
l1cache807, evict_IM, , Accumulator, 20067092000, 67, 0, 0, 0, 0, 0
l1cache807, evict_SM, , Accumulator, 20067092000, 67, 0, 0, 0, 0, 0
l1cache807, evict_SB, , Accumulator, 20067092000, 67, 0, 0, 0, 0, 0
l1cache807, latency_GetS_hit, , Accumulator, 20067092000, 67, 15488590, 87113032, 2885324, 5, 261
l1cache807, latency_GetS_miss, , Accumulator, 20067092000, 67, 1514, 327460, 7, 216, 218
l1cache807, latency_GetX_hit, , Accumulator, 20067092000, 67, 3938760, 20005344, 787462, 5, 270
l1cache807, latency_GetX_miss, , Accumulator, 20067092000, 67, 99562, 22447602, 444, 215, 277
l1cache807, latency_GetX_upgrade, , Accumulator, 20067092000, 67, 0, 0, 0, 0, 0
l1cache807, latency_GetSX_hit, , Accumulator, 20067092000, 67, 0, 0, 0, 0, 0
l1cache807, latency_GetSX_miss, , Accumulator, 20067092000, 67, 0, 0, 0, 0, 0
l1cache807, latency_GetSX_upgrade, , Accumulator, 20067092000, 67, 0, 0, 0, 0, 0
l1cache807, latency_FlushLine, , Accumulator, 20067092000, 67, 0, 0, 0, 0, 0
l1cache807, latency_FlushLine_fail, , Accumulator, 20067092000, 67, 0, 0, 0, 0, 0
l1cache807, latency_FlushLineInv, , Accumulator, 20067092000, 67, 0, 0, 0, 0, 0
l1cache807, latency_FlushLineInv_fail, , Accumulator, 20067092000, 67, 0, 0, 0, 0, 0
l1cache807, GetSHit_Arrival, , Accumulator, 20067092000, 67, 2885281, 2885281, 2885281, 1, 1
l1cache807, GetXHit_Arrival, , Accumulator, 20067092000, 67, 787455, 787455, 787455, 1, 1
l1cache807, GetSXHit_Arrival, , Accumulator, 20067092000, 67, 0, 0, 0, 0, 0
l1cache807, GetSHit_Blocked, , Accumulator, 20067092000, 67, 43, 43, 43, 1, 1
l1cache807, GetXHit_Blocked, , Accumulator, 20067092000, 67, 7, 7, 7, 1, 1
l1cache807, GetSXHit_Blocked, , Accumulator, 20067092000, 67, 0, 0, 0, 0, 0
l1cache807, GetSMiss_Arrival, , Accumulator, 20067092000, 67, 7, 7, 7, 1, 1
l1cache807, GetXMiss_Arrival, , Accumulator, 20067092000, 67, 444, 444, 444, 1, 1
l1cache807, GetSXMiss_Arrival, , Accumulator, 20067092000, 67, 0, 0, 0, 0, 0
l1cache807, GetSMiss_Blocked, , Accumulator, 20067092000, 67, 0, 0, 0, 0, 0
l1cache807, GetXMiss_Blocked, , Accumulator, 20067092000, 67, 0, 0, 0, 0, 0
l1cache807, GetSXMiss_Blocked, , Accumulator, 20067092000, 67, 0, 0, 0, 0, 0
l1cache807, CacheHits, , Accumulator, 20067092000, 67, 3672786, 3672786, 3672786, 1, 1
l1cache807, CacheMisses, , Accumulator, 20067092000, 67, 451, 451, 451, 1, 1
l1cache807, stateEvent_AckPut_I, , Accumulator, 20067092000, 67, 0, 0, 0, 0, 0
l1cache807, eventSent_PutS, , Accumulator, 20067092000, 67, 0, 0, 0, 0, 0
l1cache807, eventSent_PutE, , Accumulator, 20067092000, 67, 0, 0, 0, 0, 0
l1cache807, stateEvent_GetS_E, , Accumulator, 20067092000, 67, 524489, 524489, 524489, 1, 1
l1cache807, stateEvent_GetX_E, , Accumulator, 20067092000, 67, 0, 0, 0, 0, 0
l1cache807, stateEvent_GetSX_E, , Accumulator, 20067092000, 67, 0, 0, 0, 0, 0
l1cache807, stateEvent_FlushLine_E, , Accumulator, 20067092000, 67, 0, 0, 0, 0, 0
l1cache807, stateEvent_FlushLineInv_E, , Accumulator, 20067092000, 67, 0, 0, 0, 0, 0
l1cache807, stateEvent_FetchInv_E, , Accumulator, 20067092000, 67, 0, 0, 0, 0, 0
l1cache807, stateEvent_ForceInv_E, , Accumulator, 20067092000, 67, 0, 0, 0, 0, 0
l1cache807, stateEvent_FetchInvX_E, , Accumulator, 20067092000, 67, 0, 0, 0, 0, 0
l1cache807, evict_E, , Accumulator, 20067092000, 67, 0, 0, 0, 0, 0
l1cache807, TotalEventsReceived, , Accumulator, 20067092000, 67, 3673688, 3673688, 3673688, 1, 1
l1cache807, TotalEventsReplayed, , Accumulator, 20067092000, 67, 50, 50, 50, 1, 1
l1cache807, Put_uncache_recv, , Accumulator, 20067092000, 67, 0, 0, 0, 0, 0
l1cache807, Get_uncache_recv, , Accumulator, 20067092000, 67, 0, 0, 0, 0, 0
l1cache807, AckMove_uncache_recv, , Accumulator, 20067092000, 67, 0, 0, 0, 0, 0
l1cache807, GetS_uncache_recv, , Accumulator, 20067092000, 67, 0, 0, 0, 0, 0
l1cache807, Write_uncache_recv, , Accumulator, 20067092000, 67, 0, 0, 0, 0, 0
l1cache807, GetSX_uncache_recv, , Accumulator, 20067092000, 67, 0, 0, 0, 0, 0
l1cache807, GetSResp_uncache_recv, , Accumulator, 20067092000, 67, 0, 0, 0, 0, 0
l1cache807, WriteResp_uncache_recv, , Accumulator, 20067092000, 67, 0, 0, 0, 0, 0
l1cache807, CustomReq_uncache_recv, , Accumulator, 20067092000, 67, 0, 0, 0, 0, 0
l1cache807, CustomResp_uncache_recv, , Accumulator, 20067092000, 67, 0, 0, 0, 0, 0
l1cache807, CustomAck_uncache_recv, , Accumulator, 20067092000, 67, 0, 0, 0, 0, 0
l1cache807, NULLCMD_recv, , Accumulator, 20067092000, 67, 0, 0, 0, 0, 0
l1cache807, GetS_recv, , Accumulator, 20067092000, 67, 2885331, 2885331, 2885331, 1, 1
l1cache807, GetX_recv, , Accumulator, 20067092000, 67, 0, 0, 0, 0, 0
l1cache807, GetSX_recv, , Accumulator, 20067092000, 67, 0, 0, 0, 0, 0
l1cache807, Write_recv, , Accumulator, 20067092000, 67, 787906, 787906, 787906, 1, 1
l1cache807, FlushLine_recv, , Accumulator, 20067092000, 67, 0, 0, 0, 0, 0
l1cache807, FlushLineInv_recv, , Accumulator, 20067092000, 67, 0, 0, 0, 0, 0
l1cache807, GetSResp_recv, , Accumulator, 20067092000, 67, 0, 0, 0, 0, 0
l1cache807, GetXResp_recv, , Accumulator, 20067092000, 67, 451, 451, 451, 1, 1
l1cache807, FlushLineResp_recv, , Accumulator, 20067092000, 67, 0, 0, 0, 0, 0
l1cache807, Inv_recv, , Accumulator, 20067092000, 67, 0, 0, 0, 0, 0
l1cache807, ForceInv_recv, , Accumulator, 20067092000, 67, 0, 0, 0, 0, 0
l1cache807, Fetch_recv, , Accumulator, 20067092000, 67, 0, 0, 0, 0, 0
l1cache807, FetchInv_recv, , Accumulator, 20067092000, 67, 0, 0, 0, 0, 0
l1cache807, FetchInvX_recv, , Accumulator, 20067092000, 67, 0, 0, 0, 0, 0
l1cache807, NACK_recv, , Accumulator, 20067092000, 67, 0, 0, 0, 0, 0
l1cache807, AckPut_recv, , Accumulator, 20067092000, 67, 0, 0, 0, 0, 0
l1cache807, MSHR_occupancy, , Accumulator, 20067092000, 67, 109354, 6078384, 40134184, 0, 64
l1cache807, Bank_conflicts, , Accumulator, 20067092000, 67, 0, 0, 0, 0, 0
memory807, requests_received_GetS, , Accumulator, 20067092000, 67, 7, 7, 7, 1, 1
memory807, requests_received_GetSX, , Accumulator, 20067092000, 67, 0, 0, 0, 0, 0
memory807, requests_received_GetX, , Accumulator, 20067092000, 67, 444, 444, 444, 1, 1
memory807, requests_received_Write, , Accumulator, 20067092000, 67, 0, 0, 0, 0, 0
memory807, requests_received_PutM, , Accumulator, 20067092000, 67, 195, 195, 195, 1, 1
memory807, outstanding_requests, , Accumulator, 20067092000, 67, 135875, 12164225, 40134184, 0, 128
memory807, latency_GetS, , Accumulator, 20067092000, 67, 1416, 286440, 7, 202, 204
memory807, latency_GetSX, , Accumulator, 20067092000, 67, 0, 0, 0, 0, 0
memory807, latency_GetX, , Accumulator, 20067092000, 67, 93346, 19746890, 444, 201, 263
memory807, latency_Write, , Accumulator, 20067092000, 67, 0, 0, 0, 0, 0
memory807, latency_PutM, , Accumulator, 20067092000, 67, 41113, 8723637, 195, 201, 261
memory807, cycles_with_issue, , Accumulator, 20067092000, 67, 646, 646, 646, 1, 1
memory807, cycles_attempted_issue_but_rejected, , Accumulator, 20067092000, 67, 0, 0, 0, 0, 0
memory807, total_cycles, , Accumulator, 20067092000, 67, 40134184, 1610752725345856, 1, 40134184, 40134184
cpu808:memory, ReadInFlight, , Accumulator, 20067092000, 67, 2885331, 2885331, 2885331, 1, 1
cpu808:memory, ReadPending, , Accumulator, 20067092000, 67, 2885331, 2885331, 2885331, 1, 1
cpu808:memory, ReadBytes, , Accumulator, 20067092000, 67, 0, 0, 0, 0, 0
cpu808:memory, WriteInFlight, , Accumulator, 20067092000, 67, 787906, 787906, 787906, 1, 1
cpu808:memory, WritePending, , Accumulator, 20067092000, 67, 787906, 787906, 787906, 1, 1
cpu808:memory, WriteBytes, , Accumulator, 20067092000, 67, 0, 0, 0, 0, 0
cpu808:memory, FlushInFlight, , Accumulator, 20067092000, 67, 0, 0, 0, 0, 0
cpu808:memory, FlushPending, , Accumulator, 20067092000, 67, 0, 0, 0, 0, 0
cpu808:memory, ReadLockInFlight, , Accumulator, 20067092000, 67, 0, 0, 0, 0, 0
cpu808:memory, ReadLockPending, , Accumulator, 20067092000, 67, 0, 0, 0, 0, 0
cpu808:memory, ReadLockBytes, , Accumulator, 20067092000, 67, 0, 0, 0, 0, 0
cpu808:memory, WriteUnlockInFlight, , Accumulator, 20067092000, 67, 0, 0, 0, 0, 0
cpu808:memory, WriteUnlockPending, , Accumulator, 20067092000, 67, 0, 0, 0, 0, 0
cpu808:memory, WriteUnlockBytes, , Accumulator, 20067092000, 67, 0, 0, 0, 0, 0
cpu808:memory, LoadLinkInFlight, , Accumulator, 20067092000, 67, 0, 0, 0, 0, 0
cpu808:memory, LoadLinkPending, , Accumulator, 20067092000, 67, 0, 0, 0, 0, 0
cpu808:memory, StoreCondInFlight, , Accumulator, 20067092000, 67, 0, 0, 0, 0, 0
cpu808:memory, StoreCondPending, , Accumulator, 20067092000, 67, 0, 0, 0, 0, 0
cpu808:memory, CustomInFlight, , Accumulator, 20067092000, 67, 0, 0, 0, 0, 0
cpu808:memory, CustomPending, , Accumulator, 20067092000, 67, 0, 0, 0, 0, 0
cpu808:memory, CustomBytes, , Accumulator, 20067092000, 67, 0, 0, 0, 0, 0
cpu808:memory, FencePending, , Accumulator, 20067092000, 67, 221, 221, 221, 1, 1
cpu808:memory, AMOAddBytes, , Accumulator, 20067092000, 67, 0, 0, 0, 0, 0
cpu808:memory, AMOAddPending, , Accumulator, 20067092000, 67, 0, 0, 0, 0, 0
cpu808:memory, AMOXorBytes, , Accumulator, 20067092000, 67, 0, 0, 0, 0, 0
cpu808:memory, AMOXorPending, , Accumulator, 20067092000, 67, 0, 0, 0, 0, 0
cpu808:memory, AMOAndBytes, , Accumulator, 20067092000, 67, 0, 0, 0, 0, 0
cpu808:memory, AMOAndPending, , Accumulator, 20067092000, 67, 0, 0, 0, 0, 0
cpu808:memory, AMOOrBytes, , Accumulator, 20067092000, 67, 0, 0, 0, 0, 0
cpu808:memory, AMOOrPending, , Accumulator, 20067092000, 67, 0, 0, 0, 0, 0
cpu808:memory, AMOMinBytes, , Accumulator, 20067092000, 67, 0, 0, 0, 0, 0
cpu808:memory, AMOMinPending, , Accumulator, 20067092000, 67, 0, 0, 0, 0, 0
cpu808:memory, AMOMaxBytes, , Accumulator, 20067092000, 67, 0, 0, 0, 0, 0
cpu808:memory, AMOMaxPending, , Accumulator, 20067092000, 67, 0, 0, 0, 0, 0
cpu808:memory, AMOMinuBytes, , Accumulator, 20067092000, 67, 0, 0, 0, 0, 0
cpu808:memory, AMOMinuPending, , Accumulator, 20067092000, 67, 0, 0, 0, 0, 0
cpu808:memory, AMOMaxuBytes, , Accumulator, 20067092000, 67, 0, 0, 0, 0, 0
cpu808:memory, AMOMaxuPending, , Accumulator, 20067092000, 67, 0, 0, 0, 0, 0
cpu808:memory, AMOSwapBytes, , Accumulator, 20067092000, 67, 0, 0, 0, 0, 0
cpu808:memory, AMOSwapPending, , Accumulator, 20067092000, 67, 0, 0, 0, 0, 0
cpu808, TotalCycles, core_0, Accumulator, 20067092000, 67, 40134184, 1610752725345856, 1, 40134184, 40134184
cpu808, CyclesWithIssue, core_0, Accumulator, 20067092000, 67, 10229779, 104648378388841, 1, 10229779, 10229779
cpu808, FloatsRead, core_0, Accumulator, 20067092000, 67, 0, 0, 1, 0, 0
cpu808, FloatsWritten, core_0, Accumulator, 20067092000, 67, 0, 0, 1, 0, 0
cpu808, DoublesRead, core_0, Accumulator, 20067092000, 67, 0, 0, 1, 0, 0
cpu808, DoublesWritten, core_0, Accumulator, 20067092000, 67, 0, 0, 1, 0, 0
cpu808, BytesRead, core_0, Accumulator, 20067092000, 67, 15739732, 247739163431824, 1, 15739732, 15739732
cpu808, BytesWritten, core_0, Accumulator, 20067092000, 67, 4228595, 17881015674025, 1, 4228595, 4228595
cpu808, FloatsExec, core_0, Accumulator, 20067092000, 67, 0, 0, 1, 0, 0
cpu808, TLBHitsPerCore, core_0, Accumulator, 20067092000, 67, 3672717, 13488850162089, 1, 3672717, 3672717
cpu808, TLBMissesPerCore, core_0, Accumulator, 20067092000, 67, 520, 270400, 1, 520, 520
l1cache808, default_stat, , Accumulator, 20067092000, 67, 0, 0, 0, 0, 0
l1cache808, stateEvent_GetS_I, , Accumulator, 20067092000, 67, 7, 7, 7, 1, 1
l1cache808, stateEvent_GetS_S, , Accumulator, 20067092000, 67, 0, 0, 0, 0, 0
l1cache808, stateEvent_GetS_M, , Accumulator, 20067092000, 67, 2360835, 2360835, 2360835, 1, 1
l1cache808, stateEvent_GetX_I, , Accumulator, 20067092000, 67, 444, 444, 444, 1, 1
l1cache808, stateEvent_GetX_S, , Accumulator, 20067092000, 67, 0, 0, 0, 0, 0
l1cache808, stateEvent_GetX_M, , Accumulator, 20067092000, 67, 787462, 787462, 787462, 1, 1
l1cache808, stateEvent_GetSX_I, , Accumulator, 20067092000, 67, 0, 0, 0, 0, 0
l1cache808, stateEvent_GetSX_S, , Accumulator, 20067092000, 67, 0, 0, 0, 0, 0
l1cache808, stateEvent_GetSX_M, , Accumulator, 20067092000, 67, 0, 0, 0, 0, 0
l1cache808, stateEvent_GetSResp_IS, , Accumulator, 20067092000, 67, 0, 0, 0, 0, 0
l1cache808, stateEvent_GetXResp_IS, , Accumulator, 20067092000, 67, 7, 7, 7, 1, 1
l1cache808, stateEvent_GetXResp_IM, , Accumulator, 20067092000, 67, 444, 444, 444, 1, 1
l1cache808, stateEvent_GetXResp_SM, , Accumulator, 20067092000, 67, 0, 0, 0, 0, 0
l1cache808, stateEvent_Inv_I, , Accumulator, 20067092000, 67, 0, 0, 0, 0, 0
l1cache808, stateEvent_Inv_S, , Accumulator, 20067092000, 67, 0, 0, 0, 0, 0
l1cache808, stateEvent_Inv_IS, , Accumulator, 20067092000, 67, 0, 0, 0, 0, 0
l1cache808, stateEvent_Inv_IM, , Accumulator, 20067092000, 67, 0, 0, 0, 0, 0
l1cache808, stateEvent_Inv_SM, , Accumulator, 20067092000, 67, 0, 0, 0, 0, 0
l1cache808, stateEvent_Inv_SB, , Accumulator, 20067092000, 67, 0, 0, 0, 0, 0
l1cache808, stateEvent_Inv_IB, , Accumulator, 20067092000, 67, 0, 0, 0, 0, 0
l1cache808, stateEvent_FetchInvX_I, , Accumulator, 20067092000, 67, 0, 0, 0, 0, 0
l1cache808, stateEvent_FetchInvX_M, , Accumulator, 20067092000, 67, 0, 0, 0, 0, 0
l1cache808, stateEvent_FetchInvX_IS, , Accumulator, 20067092000, 67, 0, 0, 0, 0, 0
l1cache808, stateEvent_FetchInvX_IM, , Accumulator, 20067092000, 67, 0, 0, 0, 0, 0
l1cache808, stateEvent_FetchInvX_SB, , Accumulator, 20067092000, 67, 0, 0, 0, 0, 0
l1cache808, stateEvent_FetchInvX_IB, , Accumulator, 20067092000, 67, 0, 0, 0, 0, 0
l1cache808, stateEvent_Fetch_I, , Accumulator, 20067092000, 67, 0, 0, 0, 0, 0
l1cache808, stateEvent_Fetch_S, , Accumulator, 20067092000, 67, 0, 0, 0, 0, 0
l1cache808, stateEvent_Fetch_IS, , Accumulator, 20067092000, 67, 0, 0, 0, 0, 0
l1cache808, stateEvent_Fetch_IM, , Accumulator, 20067092000, 67, 0, 0, 0, 0, 0
l1cache808, stateEvent_Fetch_SM, , Accumulator, 20067092000, 67, 0, 0, 0, 0, 0
l1cache808, stateEvent_Fetch_IB, , Accumulator, 20067092000, 67, 0, 0, 0, 0, 0
l1cache808, stateEvent_Fetch_SB, , Accumulator, 20067092000, 67, 0, 0, 0, 0, 0
l1cache808, stateEvent_FetchInv_I, , Accumulator, 20067092000, 67, 0, 0, 0, 0, 0
l1cache808, stateEvent_FetchInv_S, , Accumulator, 20067092000, 67, 0, 0, 0, 0, 0
l1cache808, stateEvent_FetchInv_M, , Accumulator, 20067092000, 67, 0, 0, 0, 0, 0
l1cache808, stateEvent_FetchInv_IS, , Accumulator, 20067092000, 67, 0, 0, 0, 0, 0
l1cache808, stateEvent_FetchInv_IM, , Accumulator, 20067092000, 67, 0, 0, 0, 0, 0
l1cache808, stateEvent_FetchInv_SM, , Accumulator, 20067092000, 67, 0, 0, 0, 0, 0
l1cache808, stateEvent_FetchInv_SB, , Accumulator, 20067092000, 67, 0, 0, 0, 0, 0
l1cache808, stateEvent_FetchInv_IB, , Accumulator, 20067092000, 67, 0, 0, 0, 0, 0
l1cache808, stateEvent_ForceInv_I, , Accumulator, 20067092000, 67, 0, 0, 0, 0, 0
l1cache808, stateEvent_ForceInv_S, , Accumulator, 20067092000, 67, 0, 0, 0, 0, 0
l1cache808, stateEvent_ForceInv_M, , Accumulator, 20067092000, 67, 0, 0, 0, 0, 0
l1cache808, stateEvent_ForceInv_IS, , Accumulator, 20067092000, 67, 0, 0, 0, 0, 0
l1cache808, stateEvent_ForceInv_IM, , Accumulator, 20067092000, 67, 0, 0, 0, 0, 0
l1cache808, stateEvent_ForceInv_SM, , Accumulator, 20067092000, 67, 0, 0, 0, 0, 0
l1cache808, stateEvent_ForceInv_SB, , Accumulator, 20067092000, 67, 0, 0, 0, 0, 0
l1cache808, stateEvent_ForceInv_IB, , Accumulator, 20067092000, 67, 0, 0, 0, 0, 0
l1cache808, stateEvent_FlushLine_I, , Accumulator, 20067092000, 67, 0, 0, 0, 0, 0
l1cache808, stateEvent_FlushLine_S, , Accumulator, 20067092000, 67, 0, 0, 0, 0, 0
l1cache808, stateEvent_FlushLine_M, , Accumulator, 20067092000, 67, 0, 0, 0, 0, 0
l1cache808, stateEvent_FlushLineInv_I, , Accumulator, 20067092000, 67, 0, 0, 0, 0, 0
l1cache808, stateEvent_FlushLineInv_S, , Accumulator, 20067092000, 67, 0, 0, 0, 0, 0
l1cache808, stateEvent_FlushLineInv_M, , Accumulator, 20067092000, 67, 0, 0, 0, 0, 0
l1cache808, stateEvent_FlushLineResp_I, , Accumulator, 20067092000, 67, 0, 0, 0, 0, 0
l1cache808, stateEvent_FlushLineResp_IB, , Accumulator, 20067092000, 67, 0, 0, 0, 0, 0
l1cache808, stateEvent_FlushLineResp_SB, , Accumulator, 20067092000, 67, 0, 0, 0, 0, 0
l1cache808, eventSent_GetS, , Accumulator, 20067092000, 67, 7, 7, 7, 1, 1
l1cache808, eventSent_GetX, , Accumulator, 20067092000, 67, 444, 444, 444, 1, 1
l1cache808, eventSent_GetSX, , Accumulator, 20067092000, 67, 0, 0, 0, 0, 0
l1cache808, eventSent_Write, , Accumulator, 20067092000, 67, 0, 0, 0, 0, 0
l1cache808, eventSent_PutM, , Accumulator, 20067092000, 67, 195, 195, 195, 1, 1
l1cache808, eventSent_NACK, , Accumulator, 20067092000, 67, 0, 0, 0, 0, 0
l1cache808, eventSent_FlushLine, , Accumulator, 20067092000, 67, 0, 0, 0, 0, 0
l1cache808, eventSent_FlushLineInv, , Accumulator, 20067092000, 67, 0, 0, 0, 0, 0
l1cache808, eventSent_FetchResp, , Accumulator, 20067092000, 67, 0, 0, 0, 0, 0
l1cache808, eventSent_FetchXResp, , Accumulator, 20067092000, 67, 0, 0, 0, 0, 0
l1cache808, eventSent_AckInv, , Accumulator, 20067092000, 67, 0, 0, 0, 0, 0
l1cache808, eventSent_GetSResp, , Accumulator, 20067092000, 67, 2885331, 2885331, 2885331, 1, 1
l1cache808, eventSent_GetXResp, , Accumulator, 20067092000, 67, 0, 0, 0, 0, 0
l1cache808, eventSent_WriteResp, , Accumulator, 20067092000, 67, 787906, 787906, 787906, 1, 1
l1cache808, eventSent_FlushLineResp, , Accumulator, 20067092000, 67, 0, 0, 0, 0, 0
l1cache808, eventSent_Put, , Accumulator, 20067092000, 67, 0, 0, 0, 0, 0
l1cache808, eventSent_Get, , Accumulator, 20067092000, 67, 0, 0, 0, 0, 0
l1cache808, eventSent_AckMove, , Accumulator, 20067092000, 67, 0, 0, 0, 0, 0
l1cache808, eventSent_CustomReq, , Accumulator, 20067092000, 67, 0, 0, 0, 0, 0
l1cache808, eventSent_CustomResp, , Accumulator, 20067092000, 67, 0, 0, 0, 0, 0
l1cache808, eventSent_CustomAck, , Accumulator, 20067092000, 67, 0, 0, 0, 0, 0
l1cache808, EventStalledForLockedCacheline, , Accumulator, 20067092000, 67, 0, 0, 0, 0, 0
l1cache808, evict_I, , Accumulator, 20067092000, 67, 256, 256, 256, 1, 1
l1cache808, evict_S, , Accumulator, 20067092000, 67, 0, 0, 0, 0, 0
l1cache808, evict_M, , Accumulator, 20067092000, 67, 195, 195, 195, 1, 1
l1cache808, evict_IS, , Accumulator, 20067092000, 67, 0, 0, 0, 0, 0
l1cache808, evict_IM, , Accumulator, 20067092000, 67, 0, 0, 0, 0, 0
l1cache808, evict_SM, , Accumulator, 20067092000, 67, 0, 0, 0, 0, 0
l1cache808, evict_SB, , Accumulator, 20067092000, 67, 0, 0, 0, 0, 0
l1cache808, latency_GetS_hit, , Accumulator, 20067092000, 67, 15488590, 87113032, 2885324, 5, 261
l1cache808, latency_GetS_miss, , Accumulator, 20067092000, 67, 1514, 327460, 7, 216, 218
l1cache808, latency_GetX_hit, , Accumulator, 20067092000, 67, 3938760, 20005344, 787462, 5, 270
l1cache808, latency_GetX_miss, , Accumulator, 20067092000, 67, 99562, 22447602, 444, 215, 277
l1cache808, latency_GetX_upgrade, , Accumulator, 20067092000, 67, 0, 0, 0, 0, 0
l1cache808, latency_GetSX_hit, , Accumulator, 20067092000, 67, 0, 0, 0, 0, 0
l1cache808, latency_GetSX_miss, , Accumulator, 20067092000, 67, 0, 0, 0, 0, 0
l1cache808, latency_GetSX_upgrade, , Accumulator, 20067092000, 67, 0, 0, 0, 0, 0
l1cache808, latency_FlushLine, , Accumulator, 20067092000, 67, 0, 0, 0, 0, 0
l1cache808, latency_FlushLine_fail, , Accumulator, 20067092000, 67, 0, 0, 0, 0, 0
l1cache808, latency_FlushLineInv, , Accumulator, 20067092000, 67, 0, 0, 0, 0, 0
l1cache808, latency_FlushLineInv_fail, , Accumulator, 20067092000, 67, 0, 0, 0, 0, 0
l1cache808, GetSHit_Arrival, , Accumulator, 20067092000, 67, 2885281, 2885281, 2885281, 1, 1
l1cache808, GetXHit_Arrival, , Accumulator, 20067092000, 67, 787455, 787455, 787455, 1, 1
l1cache808, GetSXHit_Arrival, , Accumulator, 20067092000, 67, 0, 0, 0, 0, 0
l1cache808, GetSHit_Blocked, , Accumulator, 20067092000, 67, 43, 43, 43, 1, 1
l1cache808, GetXHit_Blocked, , Accumulator, 20067092000, 67, 7, 7, 7, 1, 1
l1cache808, GetSXHit_Blocked, , Accumulator, 20067092000, 67, 0, 0, 0, 0, 0
l1cache808, GetSMiss_Arrival, , Accumulator, 20067092000, 67, 7, 7, 7, 1, 1
l1cache808, GetXMiss_Arrival, , Accumulator, 20067092000, 67, 444, 444, 444, 1, 1
l1cache808, GetSXMiss_Arrival, , Accumulator, 20067092000, 67, 0, 0, 0, 0, 0
l1cache808, GetSMiss_Blocked, , Accumulator, 20067092000, 67, 0, 0, 0, 0, 0
l1cache808, GetXMiss_Blocked, , Accumulator, 20067092000, 67, 0, 0, 0, 0, 0
l1cache808, GetSXMiss_Blocked, , Accumulator, 20067092000, 67, 0, 0, 0, 0, 0
l1cache808, CacheHits, , Accumulator, 20067092000, 67, 3672786, 3672786, 3672786, 1, 1
l1cache808, CacheMisses, , Accumulator, 20067092000, 67, 451, 451, 451, 1, 1
l1cache808, stateEvent_AckPut_I, , Accumulator, 20067092000, 67, 0, 0, 0, 0, 0
l1cache808, eventSent_PutS, , Accumulator, 20067092000, 67, 0, 0, 0, 0, 0
l1cache808, eventSent_PutE, , Accumulator, 20067092000, 67, 0, 0, 0, 0, 0
l1cache808, stateEvent_GetS_E, , Accumulator, 20067092000, 67, 524489, 524489, 524489, 1, 1
l1cache808, stateEvent_GetX_E, , Accumulator, 20067092000, 67, 0, 0, 0, 0, 0
l1cache808, stateEvent_GetSX_E, , Accumulator, 20067092000, 67, 0, 0, 0, 0, 0
l1cache808, stateEvent_FlushLine_E, , Accumulator, 20067092000, 67, 0, 0, 0, 0, 0
l1cache808, stateEvent_FlushLineInv_E, , Accumulator, 20067092000, 67, 0, 0, 0, 0, 0
l1cache808, stateEvent_FetchInv_E, , Accumulator, 20067092000, 67, 0, 0, 0, 0, 0
l1cache808, stateEvent_ForceInv_E, , Accumulator, 20067092000, 67, 0, 0, 0, 0, 0
l1cache808, stateEvent_FetchInvX_E, , Accumulator, 20067092000, 67, 0, 0, 0, 0, 0
l1cache808, evict_E, , Accumulator, 20067092000, 67, 0, 0, 0, 0, 0
l1cache808, TotalEventsReceived, , Accumulator, 20067092000, 67, 3673688, 3673688, 3673688, 1, 1
l1cache808, TotalEventsReplayed, , Accumulator, 20067092000, 67, 50, 50, 50, 1, 1
l1cache808, Put_uncache_recv, , Accumulator, 20067092000, 67, 0, 0, 0, 0, 0
l1cache808, Get_uncache_recv, , Accumulator, 20067092000, 67, 0, 0, 0, 0, 0
l1cache808, AckMove_uncache_recv, , Accumulator, 20067092000, 67, 0, 0, 0, 0, 0
l1cache808, GetS_uncache_recv, , Accumulator, 20067092000, 67, 0, 0, 0, 0, 0
l1cache808, Write_uncache_recv, , Accumulator, 20067092000, 67, 0, 0, 0, 0, 0
l1cache808, GetSX_uncache_recv, , Accumulator, 20067092000, 67, 0, 0, 0, 0, 0
l1cache808, GetSResp_uncache_recv, , Accumulator, 20067092000, 67, 0, 0, 0, 0, 0
l1cache808, WriteResp_uncache_recv, , Accumulator, 20067092000, 67, 0, 0, 0, 0, 0
l1cache808, CustomReq_uncache_recv, , Accumulator, 20067092000, 67, 0, 0, 0, 0, 0
l1cache808, CustomResp_uncache_recv, , Accumulator, 20067092000, 67, 0, 0, 0, 0, 0
l1cache808, CustomAck_uncache_recv, , Accumulator, 20067092000, 67, 0, 0, 0, 0, 0
l1cache808, NULLCMD_recv, , Accumulator, 20067092000, 67, 0, 0, 0, 0, 0
l1cache808, GetS_recv, , Accumulator, 20067092000, 67, 2885331, 2885331, 2885331, 1, 1
l1cache808, GetX_recv, , Accumulator, 20067092000, 67, 0, 0, 0, 0, 0
l1cache808, GetSX_recv, , Accumulator, 20067092000, 67, 0, 0, 0, 0, 0
l1cache808, Write_recv, , Accumulator, 20067092000, 67, 787906, 787906, 787906, 1, 1
l1cache808, FlushLine_recv, , Accumulator, 20067092000, 67, 0, 0, 0, 0, 0
l1cache808, FlushLineInv_recv, , Accumulator, 20067092000, 67, 0, 0, 0, 0, 0
l1cache808, GetSResp_recv, , Accumulator, 20067092000, 67, 0, 0, 0, 0, 0
l1cache808, GetXResp_recv, , Accumulator, 20067092000, 67, 451, 451, 451, 1, 1
l1cache808, FlushLineResp_recv, , Accumulator, 20067092000, 67, 0, 0, 0, 0, 0
l1cache808, Inv_recv, , Accumulator, 20067092000, 67, 0, 0, 0, 0, 0
l1cache808, ForceInv_recv, , Accumulator, 20067092000, 67, 0, 0, 0, 0, 0
l1cache808, Fetch_recv, , Accumulator, 20067092000, 67, 0, 0, 0, 0, 0
l1cache808, FetchInv_recv, , Accumulator, 20067092000, 67, 0, 0, 0, 0, 0
l1cache808, FetchInvX_recv, , Accumulator, 20067092000, 67, 0, 0, 0, 0, 0
l1cache808, NACK_recv, , Accumulator, 20067092000, 67, 0, 0, 0, 0, 0
l1cache808, AckPut_recv, , Accumulator, 20067092000, 67, 0, 0, 0, 0, 0
l1cache808, MSHR_occupancy, , Accumulator, 20067092000, 67, 109354, 6078384, 40134184, 0, 64
l1cache808, Bank_conflicts, , Accumulator, 20067092000, 67, 0, 0, 0, 0, 0
memory808, requests_received_GetS, , Accumulator, 20067092000, 67, 7, 7, 7, 1, 1
memory808, requests_received_GetSX, , Accumulator, 20067092000, 67, 0, 0, 0, 0, 0
memory808, requests_received_GetX, , Accumulator, 20067092000, 67, 444, 444, 444, 1, 1
memory808, requests_received_Write, , Accumulator, 20067092000, 67, 0, 0, 0, 0, 0
memory808, requests_received_PutM, , Accumulator, 20067092000, 67, 195, 195, 195, 1, 1
memory808, outstanding_requests, , Accumulator, 20067092000, 67, 135875, 12164225, 40134184, 0, 128
memory808, latency_GetS, , Accumulator, 20067092000, 67, 1416, 286440, 7, 202, 204
memory808, latency_GetSX, , Accumulator, 20067092000, 67, 0, 0, 0, 0, 0
memory808, latency_GetX, , Accumulator, 20067092000, 67, 93346, 19746890, 444, 201, 263
memory808, latency_Write, , Accumulator, 20067092000, 67, 0, 0, 0, 0, 0
memory808, latency_PutM, , Accumulator, 20067092000, 67, 41113, 8723637, 195, 201, 261
memory808, cycles_with_issue, , Accumulator, 20067092000, 67, 646, 646, 646, 1, 1
memory808, cycles_attempted_issue_but_rejected, , Accumulator, 20067092000, 67, 0, 0, 0, 0, 0
memory808, total_cycles, , Accumulator, 20067092000, 67, 40134184, 1610752725345856, 1, 40134184, 40134184
cpu809:memory, ReadInFlight, , Accumulator, 20067092000, 67, 2885331, 2885331, 2885331, 1, 1
cpu809:memory, ReadPending, , Accumulator, 20067092000, 67, 2885331, 2885331, 2885331, 1, 1
cpu809:memory, ReadBytes, , Accumulator, 20067092000, 67, 0, 0, 0, 0, 0
cpu809:memory, WriteInFlight, , Accumulator, 20067092000, 67, 787906, 787906, 787906, 1, 1
cpu809:memory, WritePending, , Accumulator, 20067092000, 67, 787906, 787906, 787906, 1, 1
cpu809:memory, WriteBytes, , Accumulator, 20067092000, 67, 0, 0, 0, 0, 0
cpu809:memory, FlushInFlight, , Accumulator, 20067092000, 67, 0, 0, 0, 0, 0
cpu809:memory, FlushPending, , Accumulator, 20067092000, 67, 0, 0, 0, 0, 0
cpu809:memory, ReadLockInFlight, , Accumulator, 20067092000, 67, 0, 0, 0, 0, 0
cpu809:memory, ReadLockPending, , Accumulator, 20067092000, 67, 0, 0, 0, 0, 0
cpu809:memory, ReadLockBytes, , Accumulator, 20067092000, 67, 0, 0, 0, 0, 0
cpu809:memory, WriteUnlockInFlight, , Accumulator, 20067092000, 67, 0, 0, 0, 0, 0
cpu809:memory, WriteUnlockPending, , Accumulator, 20067092000, 67, 0, 0, 0, 0, 0
cpu809:memory, WriteUnlockBytes, , Accumulator, 20067092000, 67, 0, 0, 0, 0, 0
cpu809:memory, LoadLinkInFlight, , Accumulator, 20067092000, 67, 0, 0, 0, 0, 0
cpu809:memory, LoadLinkPending, , Accumulator, 20067092000, 67, 0, 0, 0, 0, 0
cpu809:memory, StoreCondInFlight, , Accumulator, 20067092000, 67, 0, 0, 0, 0, 0
cpu809:memory, StoreCondPending, , Accumulator, 20067092000, 67, 0, 0, 0, 0, 0
cpu809:memory, CustomInFlight, , Accumulator, 20067092000, 67, 0, 0, 0, 0, 0
cpu809:memory, CustomPending, , Accumulator, 20067092000, 67, 0, 0, 0, 0, 0
cpu809:memory, CustomBytes, , Accumulator, 20067092000, 67, 0, 0, 0, 0, 0
cpu809:memory, FencePending, , Accumulator, 20067092000, 67, 221, 221, 221, 1, 1
cpu809:memory, AMOAddBytes, , Accumulator, 20067092000, 67, 0, 0, 0, 0, 0
cpu809:memory, AMOAddPending, , Accumulator, 20067092000, 67, 0, 0, 0, 0, 0
cpu809:memory, AMOXorBytes, , Accumulator, 20067092000, 67, 0, 0, 0, 0, 0
cpu809:memory, AMOXorPending, , Accumulator, 20067092000, 67, 0, 0, 0, 0, 0
cpu809:memory, AMOAndBytes, , Accumulator, 20067092000, 67, 0, 0, 0, 0, 0
cpu809:memory, AMOAndPending, , Accumulator, 20067092000, 67, 0, 0, 0, 0, 0
cpu809:memory, AMOOrBytes, , Accumulator, 20067092000, 67, 0, 0, 0, 0, 0
cpu809:memory, AMOOrPending, , Accumulator, 20067092000, 67, 0, 0, 0, 0, 0
cpu809:memory, AMOMinBytes, , Accumulator, 20067092000, 67, 0, 0, 0, 0, 0
cpu809:memory, AMOMinPending, , Accumulator, 20067092000, 67, 0, 0, 0, 0, 0
cpu809:memory, AMOMaxBytes, , Accumulator, 20067092000, 67, 0, 0, 0, 0, 0
cpu809:memory, AMOMaxPending, , Accumulator, 20067092000, 67, 0, 0, 0, 0, 0
cpu809:memory, AMOMinuBytes, , Accumulator, 20067092000, 67, 0, 0, 0, 0, 0
cpu809:memory, AMOMinuPending, , Accumulator, 20067092000, 67, 0, 0, 0, 0, 0
cpu809:memory, AMOMaxuBytes, , Accumulator, 20067092000, 67, 0, 0, 0, 0, 0
cpu809:memory, AMOMaxuPending, , Accumulator, 20067092000, 67, 0, 0, 0, 0, 0
cpu809:memory, AMOSwapBytes, , Accumulator, 20067092000, 67, 0, 0, 0, 0, 0
cpu809:memory, AMOSwapPending, , Accumulator, 20067092000, 67, 0, 0, 0, 0, 0
cpu809, TotalCycles, core_0, Accumulator, 20067092000, 67, 40134184, 1610752725345856, 1, 40134184, 40134184
cpu809, CyclesWithIssue, core_0, Accumulator, 20067092000, 67, 10229779, 104648378388841, 1, 10229779, 10229779
cpu809, FloatsRead, core_0, Accumulator, 20067092000, 67, 0, 0, 1, 0, 0
cpu809, FloatsWritten, core_0, Accumulator, 20067092000, 67, 0, 0, 1, 0, 0
cpu809, DoublesRead, core_0, Accumulator, 20067092000, 67, 0, 0, 1, 0, 0
cpu809, DoublesWritten, core_0, Accumulator, 20067092000, 67, 0, 0, 1, 0, 0
cpu809, BytesRead, core_0, Accumulator, 20067092000, 67, 15739732, 247739163431824, 1, 15739732, 15739732
cpu809, BytesWritten, core_0, Accumulator, 20067092000, 67, 4228595, 17881015674025, 1, 4228595, 4228595
cpu809, FloatsExec, core_0, Accumulator, 20067092000, 67, 0, 0, 1, 0, 0
cpu809, TLBHitsPerCore, core_0, Accumulator, 20067092000, 67, 3672717, 13488850162089, 1, 3672717, 3672717
cpu809, TLBMissesPerCore, core_0, Accumulator, 20067092000, 67, 520, 270400, 1, 520, 520
l1cache809, default_stat, , Accumulator, 20067092000, 67, 0, 0, 0, 0, 0
l1cache809, stateEvent_GetS_I, , Accumulator, 20067092000, 67, 7, 7, 7, 1, 1
l1cache809, stateEvent_GetS_S, , Accumulator, 20067092000, 67, 0, 0, 0, 0, 0
l1cache809, stateEvent_GetS_M, , Accumulator, 20067092000, 67, 2360835, 2360835, 2360835, 1, 1
l1cache809, stateEvent_GetX_I, , Accumulator, 20067092000, 67, 444, 444, 444, 1, 1
l1cache809, stateEvent_GetX_S, , Accumulator, 20067092000, 67, 0, 0, 0, 0, 0
l1cache809, stateEvent_GetX_M, , Accumulator, 20067092000, 67, 787462, 787462, 787462, 1, 1
l1cache809, stateEvent_GetSX_I, , Accumulator, 20067092000, 67, 0, 0, 0, 0, 0
l1cache809, stateEvent_GetSX_S, , Accumulator, 20067092000, 67, 0, 0, 0, 0, 0
l1cache809, stateEvent_GetSX_M, , Accumulator, 20067092000, 67, 0, 0, 0, 0, 0
l1cache809, stateEvent_GetSResp_IS, , Accumulator, 20067092000, 67, 0, 0, 0, 0, 0
l1cache809, stateEvent_GetXResp_IS, , Accumulator, 20067092000, 67, 7, 7, 7, 1, 1
l1cache809, stateEvent_GetXResp_IM, , Accumulator, 20067092000, 67, 444, 444, 444, 1, 1
l1cache809, stateEvent_GetXResp_SM, , Accumulator, 20067092000, 67, 0, 0, 0, 0, 0
l1cache809, stateEvent_Inv_I, , Accumulator, 20067092000, 67, 0, 0, 0, 0, 0
l1cache809, stateEvent_Inv_S, , Accumulator, 20067092000, 67, 0, 0, 0, 0, 0
l1cache809, stateEvent_Inv_IS, , Accumulator, 20067092000, 67, 0, 0, 0, 0, 0
l1cache809, stateEvent_Inv_IM, , Accumulator, 20067092000, 67, 0, 0, 0, 0, 0
l1cache809, stateEvent_Inv_SM, , Accumulator, 20067092000, 67, 0, 0, 0, 0, 0
l1cache809, stateEvent_Inv_SB, , Accumulator, 20067092000, 67, 0, 0, 0, 0, 0
l1cache809, stateEvent_Inv_IB, , Accumulator, 20067092000, 67, 0, 0, 0, 0, 0
l1cache809, stateEvent_FetchInvX_I, , Accumulator, 20067092000, 67, 0, 0, 0, 0, 0
l1cache809, stateEvent_FetchInvX_M, , Accumulator, 20067092000, 67, 0, 0, 0, 0, 0
l1cache809, stateEvent_FetchInvX_IS, , Accumulator, 20067092000, 67, 0, 0, 0, 0, 0
l1cache809, stateEvent_FetchInvX_IM, , Accumulator, 20067092000, 67, 0, 0, 0, 0, 0
l1cache809, stateEvent_FetchInvX_SB, , Accumulator, 20067092000, 67, 0, 0, 0, 0, 0
l1cache809, stateEvent_FetchInvX_IB, , Accumulator, 20067092000, 67, 0, 0, 0, 0, 0
l1cache809, stateEvent_Fetch_I, , Accumulator, 20067092000, 67, 0, 0, 0, 0, 0
l1cache809, stateEvent_Fetch_S, , Accumulator, 20067092000, 67, 0, 0, 0, 0, 0
l1cache809, stateEvent_Fetch_IS, , Accumulator, 20067092000, 67, 0, 0, 0, 0, 0
l1cache809, stateEvent_Fetch_IM, , Accumulator, 20067092000, 67, 0, 0, 0, 0, 0
l1cache809, stateEvent_Fetch_SM, , Accumulator, 20067092000, 67, 0, 0, 0, 0, 0
l1cache809, stateEvent_Fetch_IB, , Accumulator, 20067092000, 67, 0, 0, 0, 0, 0
l1cache809, stateEvent_Fetch_SB, , Accumulator, 20067092000, 67, 0, 0, 0, 0, 0
l1cache809, stateEvent_FetchInv_I, , Accumulator, 20067092000, 67, 0, 0, 0, 0, 0
l1cache809, stateEvent_FetchInv_S, , Accumulator, 20067092000, 67, 0, 0, 0, 0, 0
l1cache809, stateEvent_FetchInv_M, , Accumulator, 20067092000, 67, 0, 0, 0, 0, 0
l1cache809, stateEvent_FetchInv_IS, , Accumulator, 20067092000, 67, 0, 0, 0, 0, 0
l1cache809, stateEvent_FetchInv_IM, , Accumulator, 20067092000, 67, 0, 0, 0, 0, 0
l1cache809, stateEvent_FetchInv_SM, , Accumulator, 20067092000, 67, 0, 0, 0, 0, 0
l1cache809, stateEvent_FetchInv_SB, , Accumulator, 20067092000, 67, 0, 0, 0, 0, 0
l1cache809, stateEvent_FetchInv_IB, , Accumulator, 20067092000, 67, 0, 0, 0, 0, 0
l1cache809, stateEvent_ForceInv_I, , Accumulator, 20067092000, 67, 0, 0, 0, 0, 0
l1cache809, stateEvent_ForceInv_S, , Accumulator, 20067092000, 67, 0, 0, 0, 0, 0
l1cache809, stateEvent_ForceInv_M, , Accumulator, 20067092000, 67, 0, 0, 0, 0, 0
l1cache809, stateEvent_ForceInv_IS, , Accumulator, 20067092000, 67, 0, 0, 0, 0, 0
l1cache809, stateEvent_ForceInv_IM, , Accumulator, 20067092000, 67, 0, 0, 0, 0, 0
l1cache809, stateEvent_ForceInv_SM, , Accumulator, 20067092000, 67, 0, 0, 0, 0, 0
l1cache809, stateEvent_ForceInv_SB, , Accumulator, 20067092000, 67, 0, 0, 0, 0, 0
l1cache809, stateEvent_ForceInv_IB, , Accumulator, 20067092000, 67, 0, 0, 0, 0, 0
l1cache809, stateEvent_FlushLine_I, , Accumulator, 20067092000, 67, 0, 0, 0, 0, 0
l1cache809, stateEvent_FlushLine_S, , Accumulator, 20067092000, 67, 0, 0, 0, 0, 0
l1cache809, stateEvent_FlushLine_M, , Accumulator, 20067092000, 67, 0, 0, 0, 0, 0
l1cache809, stateEvent_FlushLineInv_I, , Accumulator, 20067092000, 67, 0, 0, 0, 0, 0
l1cache809, stateEvent_FlushLineInv_S, , Accumulator, 20067092000, 67, 0, 0, 0, 0, 0
l1cache809, stateEvent_FlushLineInv_M, , Accumulator, 20067092000, 67, 0, 0, 0, 0, 0
l1cache809, stateEvent_FlushLineResp_I, , Accumulator, 20067092000, 67, 0, 0, 0, 0, 0
l1cache809, stateEvent_FlushLineResp_IB, , Accumulator, 20067092000, 67, 0, 0, 0, 0, 0
l1cache809, stateEvent_FlushLineResp_SB, , Accumulator, 20067092000, 67, 0, 0, 0, 0, 0
l1cache809, eventSent_GetS, , Accumulator, 20067092000, 67, 7, 7, 7, 1, 1
l1cache809, eventSent_GetX, , Accumulator, 20067092000, 67, 444, 444, 444, 1, 1
l1cache809, eventSent_GetSX, , Accumulator, 20067092000, 67, 0, 0, 0, 0, 0
l1cache809, eventSent_Write, , Accumulator, 20067092000, 67, 0, 0, 0, 0, 0
l1cache809, eventSent_PutM, , Accumulator, 20067092000, 67, 195, 195, 195, 1, 1
l1cache809, eventSent_NACK, , Accumulator, 20067092000, 67, 0, 0, 0, 0, 0
l1cache809, eventSent_FlushLine, , Accumulator, 20067092000, 67, 0, 0, 0, 0, 0
l1cache809, eventSent_FlushLineInv, , Accumulator, 20067092000, 67, 0, 0, 0, 0, 0
l1cache809, eventSent_FetchResp, , Accumulator, 20067092000, 67, 0, 0, 0, 0, 0
l1cache809, eventSent_FetchXResp, , Accumulator, 20067092000, 67, 0, 0, 0, 0, 0
l1cache809, eventSent_AckInv, , Accumulator, 20067092000, 67, 0, 0, 0, 0, 0
l1cache809, eventSent_GetSResp, , Accumulator, 20067092000, 67, 2885331, 2885331, 2885331, 1, 1
l1cache809, eventSent_GetXResp, , Accumulator, 20067092000, 67, 0, 0, 0, 0, 0
l1cache809, eventSent_WriteResp, , Accumulator, 20067092000, 67, 787906, 787906, 787906, 1, 1
l1cache809, eventSent_FlushLineResp, , Accumulator, 20067092000, 67, 0, 0, 0, 0, 0
l1cache809, eventSent_Put, , Accumulator, 20067092000, 67, 0, 0, 0, 0, 0
l1cache809, eventSent_Get, , Accumulator, 20067092000, 67, 0, 0, 0, 0, 0
l1cache809, eventSent_AckMove, , Accumulator, 20067092000, 67, 0, 0, 0, 0, 0
l1cache809, eventSent_CustomReq, , Accumulator, 20067092000, 67, 0, 0, 0, 0, 0
l1cache809, eventSent_CustomResp, , Accumulator, 20067092000, 67, 0, 0, 0, 0, 0
l1cache809, eventSent_CustomAck, , Accumulator, 20067092000, 67, 0, 0, 0, 0, 0
l1cache809, EventStalledForLockedCacheline, , Accumulator, 20067092000, 67, 0, 0, 0, 0, 0
l1cache809, evict_I, , Accumulator, 20067092000, 67, 256, 256, 256, 1, 1
l1cache809, evict_S, , Accumulator, 20067092000, 67, 0, 0, 0, 0, 0
l1cache809, evict_M, , Accumulator, 20067092000, 67, 195, 195, 195, 1, 1
l1cache809, evict_IS, , Accumulator, 20067092000, 67, 0, 0, 0, 0, 0
l1cache809, evict_IM, , Accumulator, 20067092000, 67, 0, 0, 0, 0, 0
l1cache809, evict_SM, , Accumulator, 20067092000, 67, 0, 0, 0, 0, 0
l1cache809, evict_SB, , Accumulator, 20067092000, 67, 0, 0, 0, 0, 0
l1cache809, latency_GetS_hit, , Accumulator, 20067092000, 67, 15488590, 87113032, 2885324, 5, 261
l1cache809, latency_GetS_miss, , Accumulator, 20067092000, 67, 1514, 327460, 7, 216, 218
l1cache809, latency_GetX_hit, , Accumulator, 20067092000, 67, 3938760, 20005344, 787462, 5, 270
l1cache809, latency_GetX_miss, , Accumulator, 20067092000, 67, 99562, 22447602, 444, 215, 277
l1cache809, latency_GetX_upgrade, , Accumulator, 20067092000, 67, 0, 0, 0, 0, 0
l1cache809, latency_GetSX_hit, , Accumulator, 20067092000, 67, 0, 0, 0, 0, 0
l1cache809, latency_GetSX_miss, , Accumulator, 20067092000, 67, 0, 0, 0, 0, 0
l1cache809, latency_GetSX_upgrade, , Accumulator, 20067092000, 67, 0, 0, 0, 0, 0
l1cache809, latency_FlushLine, , Accumulator, 20067092000, 67, 0, 0, 0, 0, 0
l1cache809, latency_FlushLine_fail, , Accumulator, 20067092000, 67, 0, 0, 0, 0, 0
l1cache809, latency_FlushLineInv, , Accumulator, 20067092000, 67, 0, 0, 0, 0, 0
l1cache809, latency_FlushLineInv_fail, , Accumulator, 20067092000, 67, 0, 0, 0, 0, 0
l1cache809, GetSHit_Arrival, , Accumulator, 20067092000, 67, 2885281, 2885281, 2885281, 1, 1
l1cache809, GetXHit_Arrival, , Accumulator, 20067092000, 67, 787455, 787455, 787455, 1, 1
l1cache809, GetSXHit_Arrival, , Accumulator, 20067092000, 67, 0, 0, 0, 0, 0
l1cache809, GetSHit_Blocked, , Accumulator, 20067092000, 67, 43, 43, 43, 1, 1
l1cache809, GetXHit_Blocked, , Accumulator, 20067092000, 67, 7, 7, 7, 1, 1
l1cache809, GetSXHit_Blocked, , Accumulator, 20067092000, 67, 0, 0, 0, 0, 0
l1cache809, GetSMiss_Arrival, , Accumulator, 20067092000, 67, 7, 7, 7, 1, 1
l1cache809, GetXMiss_Arrival, , Accumulator, 20067092000, 67, 444, 444, 444, 1, 1
l1cache809, GetSXMiss_Arrival, , Accumulator, 20067092000, 67, 0, 0, 0, 0, 0
l1cache809, GetSMiss_Blocked, , Accumulator, 20067092000, 67, 0, 0, 0, 0, 0
l1cache809, GetXMiss_Blocked, , Accumulator, 20067092000, 67, 0, 0, 0, 0, 0
l1cache809, GetSXMiss_Blocked, , Accumulator, 20067092000, 67, 0, 0, 0, 0, 0
l1cache809, CacheHits, , Accumulator, 20067092000, 67, 3672786, 3672786, 3672786, 1, 1
l1cache809, CacheMisses, , Accumulator, 20067092000, 67, 451, 451, 451, 1, 1
l1cache809, stateEvent_AckPut_I, , Accumulator, 20067092000, 67, 0, 0, 0, 0, 0
l1cache809, eventSent_PutS, , Accumulator, 20067092000, 67, 0, 0, 0, 0, 0
l1cache809, eventSent_PutE, , Accumulator, 20067092000, 67, 0, 0, 0, 0, 0
l1cache809, stateEvent_GetS_E, , Accumulator, 20067092000, 67, 524489, 524489, 524489, 1, 1
l1cache809, stateEvent_GetX_E, , Accumulator, 20067092000, 67, 0, 0, 0, 0, 0
l1cache809, stateEvent_GetSX_E, , Accumulator, 20067092000, 67, 0, 0, 0, 0, 0
l1cache809, stateEvent_FlushLine_E, , Accumulator, 20067092000, 67, 0, 0, 0, 0, 0
l1cache809, stateEvent_FlushLineInv_E, , Accumulator, 20067092000, 67, 0, 0, 0, 0, 0
l1cache809, stateEvent_FetchInv_E, , Accumulator, 20067092000, 67, 0, 0, 0, 0, 0
l1cache809, stateEvent_ForceInv_E, , Accumulator, 20067092000, 67, 0, 0, 0, 0, 0
l1cache809, stateEvent_FetchInvX_E, , Accumulator, 20067092000, 67, 0, 0, 0, 0, 0
l1cache809, evict_E, , Accumulator, 20067092000, 67, 0, 0, 0, 0, 0
l1cache809, TotalEventsReceived, , Accumulator, 20067092000, 67, 3673688, 3673688, 3673688, 1, 1
l1cache809, TotalEventsReplayed, , Accumulator, 20067092000, 67, 50, 50, 50, 1, 1
l1cache809, Put_uncache_recv, , Accumulator, 20067092000, 67, 0, 0, 0, 0, 0
l1cache809, Get_uncache_recv, , Accumulator, 20067092000, 67, 0, 0, 0, 0, 0
l1cache809, AckMove_uncache_recv, , Accumulator, 20067092000, 67, 0, 0, 0, 0, 0
l1cache809, GetS_uncache_recv, , Accumulator, 20067092000, 67, 0, 0, 0, 0, 0
l1cache809, Write_uncache_recv, , Accumulator, 20067092000, 67, 0, 0, 0, 0, 0
l1cache809, GetSX_uncache_recv, , Accumulator, 20067092000, 67, 0, 0, 0, 0, 0
l1cache809, GetSResp_uncache_recv, , Accumulator, 20067092000, 67, 0, 0, 0, 0, 0
l1cache809, WriteResp_uncache_recv, , Accumulator, 20067092000, 67, 0, 0, 0, 0, 0
l1cache809, CustomReq_uncache_recv, , Accumulator, 20067092000, 67, 0, 0, 0, 0, 0
l1cache809, CustomResp_uncache_recv, , Accumulator, 20067092000, 67, 0, 0, 0, 0, 0
l1cache809, CustomAck_uncache_recv, , Accumulator, 20067092000, 67, 0, 0, 0, 0, 0
l1cache809, NULLCMD_recv, , Accumulator, 20067092000, 67, 0, 0, 0, 0, 0
l1cache809, GetS_recv, , Accumulator, 20067092000, 67, 2885331, 2885331, 2885331, 1, 1
l1cache809, GetX_recv, , Accumulator, 20067092000, 67, 0, 0, 0, 0, 0
l1cache809, GetSX_recv, , Accumulator, 20067092000, 67, 0, 0, 0, 0, 0
l1cache809, Write_recv, , Accumulator, 20067092000, 67, 787906, 787906, 787906, 1, 1
l1cache809, FlushLine_recv, , Accumulator, 20067092000, 67, 0, 0, 0, 0, 0
l1cache809, FlushLineInv_recv, , Accumulator, 20067092000, 67, 0, 0, 0, 0, 0
l1cache809, GetSResp_recv, , Accumulator, 20067092000, 67, 0, 0, 0, 0, 0
l1cache809, GetXResp_recv, , Accumulator, 20067092000, 67, 451, 451, 451, 1, 1
l1cache809, FlushLineResp_recv, , Accumulator, 20067092000, 67, 0, 0, 0, 0, 0
l1cache809, Inv_recv, , Accumulator, 20067092000, 67, 0, 0, 0, 0, 0
l1cache809, ForceInv_recv, , Accumulator, 20067092000, 67, 0, 0, 0, 0, 0
l1cache809, Fetch_recv, , Accumulator, 20067092000, 67, 0, 0, 0, 0, 0
l1cache809, FetchInv_recv, , Accumulator, 20067092000, 67, 0, 0, 0, 0, 0
l1cache809, FetchInvX_recv, , Accumulator, 20067092000, 67, 0, 0, 0, 0, 0
l1cache809, NACK_recv, , Accumulator, 20067092000, 67, 0, 0, 0, 0, 0
l1cache809, AckPut_recv, , Accumulator, 20067092000, 67, 0, 0, 0, 0, 0
l1cache809, MSHR_occupancy, , Accumulator, 20067092000, 67, 109354, 6078384, 40134184, 0, 64
l1cache809, Bank_conflicts, , Accumulator, 20067092000, 67, 0, 0, 0, 0, 0
memory809, requests_received_GetS, , Accumulator, 20067092000, 67, 7, 7, 7, 1, 1
memory809, requests_received_GetSX, , Accumulator, 20067092000, 67, 0, 0, 0, 0, 0
memory809, requests_received_GetX, , Accumulator, 20067092000, 67, 444, 444, 444, 1, 1
memory809, requests_received_Write, , Accumulator, 20067092000, 67, 0, 0, 0, 0, 0
memory809, requests_received_PutM, , Accumulator, 20067092000, 67, 195, 195, 195, 1, 1
memory809, outstanding_requests, , Accumulator, 20067092000, 67, 135875, 12164225, 40134184, 0, 128
memory809, latency_GetS, , Accumulator, 20067092000, 67, 1416, 286440, 7, 202, 204
memory809, latency_GetSX, , Accumulator, 20067092000, 67, 0, 0, 0, 0, 0
memory809, latency_GetX, , Accumulator, 20067092000, 67, 93346, 19746890, 444, 201, 263
memory809, latency_Write, , Accumulator, 20067092000, 67, 0, 0, 0, 0, 0
memory809, latency_PutM, , Accumulator, 20067092000, 67, 41113, 8723637, 195, 201, 261
memory809, cycles_with_issue, , Accumulator, 20067092000, 67, 646, 646, 646, 1, 1
memory809, cycles_attempted_issue_but_rejected, , Accumulator, 20067092000, 67, 0, 0, 0, 0, 0
memory809, total_cycles, , Accumulator, 20067092000, 67, 40134184, 1610752725345856, 1, 40134184, 40134184
cpu810:memory, ReadInFlight, , Accumulator, 20067092000, 67, 2885331, 2885331, 2885331, 1, 1
cpu810:memory, ReadPending, , Accumulator, 20067092000, 67, 2885331, 2885331, 2885331, 1, 1
cpu810:memory, ReadBytes, , Accumulator, 20067092000, 67, 0, 0, 0, 0, 0
cpu810:memory, WriteInFlight, , Accumulator, 20067092000, 67, 787906, 787906, 787906, 1, 1
cpu810:memory, WritePending, , Accumulator, 20067092000, 67, 787906, 787906, 787906, 1, 1
cpu810:memory, WriteBytes, , Accumulator, 20067092000, 67, 0, 0, 0, 0, 0
cpu810:memory, FlushInFlight, , Accumulator, 20067092000, 67, 0, 0, 0, 0, 0
cpu810:memory, FlushPending, , Accumulator, 20067092000, 67, 0, 0, 0, 0, 0
cpu810:memory, ReadLockInFlight, , Accumulator, 20067092000, 67, 0, 0, 0, 0, 0
cpu810:memory, ReadLockPending, , Accumulator, 20067092000, 67, 0, 0, 0, 0, 0
cpu810:memory, ReadLockBytes, , Accumulator, 20067092000, 67, 0, 0, 0, 0, 0
cpu810:memory, WriteUnlockInFlight, , Accumulator, 20067092000, 67, 0, 0, 0, 0, 0
cpu810:memory, WriteUnlockPending, , Accumulator, 20067092000, 67, 0, 0, 0, 0, 0
cpu810:memory, WriteUnlockBytes, , Accumulator, 20067092000, 67, 0, 0, 0, 0, 0
cpu810:memory, LoadLinkInFlight, , Accumulator, 20067092000, 67, 0, 0, 0, 0, 0
cpu810:memory, LoadLinkPending, , Accumulator, 20067092000, 67, 0, 0, 0, 0, 0
cpu810:memory, StoreCondInFlight, , Accumulator, 20067092000, 67, 0, 0, 0, 0, 0
cpu810:memory, StoreCondPending, , Accumulator, 20067092000, 67, 0, 0, 0, 0, 0
cpu810:memory, CustomInFlight, , Accumulator, 20067092000, 67, 0, 0, 0, 0, 0
cpu810:memory, CustomPending, , Accumulator, 20067092000, 67, 0, 0, 0, 0, 0
cpu810:memory, CustomBytes, , Accumulator, 20067092000, 67, 0, 0, 0, 0, 0
cpu810:memory, FencePending, , Accumulator, 20067092000, 67, 221, 221, 221, 1, 1
cpu810:memory, AMOAddBytes, , Accumulator, 20067092000, 67, 0, 0, 0, 0, 0
cpu810:memory, AMOAddPending, , Accumulator, 20067092000, 67, 0, 0, 0, 0, 0
cpu810:memory, AMOXorBytes, , Accumulator, 20067092000, 67, 0, 0, 0, 0, 0
cpu810:memory, AMOXorPending, , Accumulator, 20067092000, 67, 0, 0, 0, 0, 0
cpu810:memory, AMOAndBytes, , Accumulator, 20067092000, 67, 0, 0, 0, 0, 0
cpu810:memory, AMOAndPending, , Accumulator, 20067092000, 67, 0, 0, 0, 0, 0
cpu810:memory, AMOOrBytes, , Accumulator, 20067092000, 67, 0, 0, 0, 0, 0
cpu810:memory, AMOOrPending, , Accumulator, 20067092000, 67, 0, 0, 0, 0, 0
cpu810:memory, AMOMinBytes, , Accumulator, 20067092000, 67, 0, 0, 0, 0, 0
cpu810:memory, AMOMinPending, , Accumulator, 20067092000, 67, 0, 0, 0, 0, 0
cpu810:memory, AMOMaxBytes, , Accumulator, 20067092000, 67, 0, 0, 0, 0, 0
cpu810:memory, AMOMaxPending, , Accumulator, 20067092000, 67, 0, 0, 0, 0, 0
cpu810:memory, AMOMinuBytes, , Accumulator, 20067092000, 67, 0, 0, 0, 0, 0
cpu810:memory, AMOMinuPending, , Accumulator, 20067092000, 67, 0, 0, 0, 0, 0
cpu810:memory, AMOMaxuBytes, , Accumulator, 20067092000, 67, 0, 0, 0, 0, 0
cpu810:memory, AMOMaxuPending, , Accumulator, 20067092000, 67, 0, 0, 0, 0, 0
cpu810:memory, AMOSwapBytes, , Accumulator, 20067092000, 67, 0, 0, 0, 0, 0
cpu810:memory, AMOSwapPending, , Accumulator, 20067092000, 67, 0, 0, 0, 0, 0
cpu810, TotalCycles, core_0, Accumulator, 20067092000, 67, 40134184, 1610752725345856, 1, 40134184, 40134184
cpu810, CyclesWithIssue, core_0, Accumulator, 20067092000, 67, 10229779, 104648378388841, 1, 10229779, 10229779
cpu810, FloatsRead, core_0, Accumulator, 20067092000, 67, 0, 0, 1, 0, 0
cpu810, FloatsWritten, core_0, Accumulator, 20067092000, 67, 0, 0, 1, 0, 0
cpu810, DoublesRead, core_0, Accumulator, 20067092000, 67, 0, 0, 1, 0, 0
cpu810, DoublesWritten, core_0, Accumulator, 20067092000, 67, 0, 0, 1, 0, 0
cpu810, BytesRead, core_0, Accumulator, 20067092000, 67, 15739732, 247739163431824, 1, 15739732, 15739732
cpu810, BytesWritten, core_0, Accumulator, 20067092000, 67, 4228595, 17881015674025, 1, 4228595, 4228595
cpu810, FloatsExec, core_0, Accumulator, 20067092000, 67, 0, 0, 1, 0, 0
cpu810, TLBHitsPerCore, core_0, Accumulator, 20067092000, 67, 3672717, 13488850162089, 1, 3672717, 3672717
cpu810, TLBMissesPerCore, core_0, Accumulator, 20067092000, 67, 520, 270400, 1, 520, 520
l1cache810, default_stat, , Accumulator, 20067092000, 67, 0, 0, 0, 0, 0
l1cache810, stateEvent_GetS_I, , Accumulator, 20067092000, 67, 7, 7, 7, 1, 1
l1cache810, stateEvent_GetS_S, , Accumulator, 20067092000, 67, 0, 0, 0, 0, 0
l1cache810, stateEvent_GetS_M, , Accumulator, 20067092000, 67, 2360835, 2360835, 2360835, 1, 1
l1cache810, stateEvent_GetX_I, , Accumulator, 20067092000, 67, 444, 444, 444, 1, 1
l1cache810, stateEvent_GetX_S, , Accumulator, 20067092000, 67, 0, 0, 0, 0, 0
l1cache810, stateEvent_GetX_M, , Accumulator, 20067092000, 67, 787462, 787462, 787462, 1, 1
l1cache810, stateEvent_GetSX_I, , Accumulator, 20067092000, 67, 0, 0, 0, 0, 0
l1cache810, stateEvent_GetSX_S, , Accumulator, 20067092000, 67, 0, 0, 0, 0, 0
l1cache810, stateEvent_GetSX_M, , Accumulator, 20067092000, 67, 0, 0, 0, 0, 0
l1cache810, stateEvent_GetSResp_IS, , Accumulator, 20067092000, 67, 0, 0, 0, 0, 0
l1cache810, stateEvent_GetXResp_IS, , Accumulator, 20067092000, 67, 7, 7, 7, 1, 1
l1cache810, stateEvent_GetXResp_IM, , Accumulator, 20067092000, 67, 444, 444, 444, 1, 1
l1cache810, stateEvent_GetXResp_SM, , Accumulator, 20067092000, 67, 0, 0, 0, 0, 0
l1cache810, stateEvent_Inv_I, , Accumulator, 20067092000, 67, 0, 0, 0, 0, 0
l1cache810, stateEvent_Inv_S, , Accumulator, 20067092000, 67, 0, 0, 0, 0, 0
l1cache810, stateEvent_Inv_IS, , Accumulator, 20067092000, 67, 0, 0, 0, 0, 0
l1cache810, stateEvent_Inv_IM, , Accumulator, 20067092000, 67, 0, 0, 0, 0, 0
l1cache810, stateEvent_Inv_SM, , Accumulator, 20067092000, 67, 0, 0, 0, 0, 0
l1cache810, stateEvent_Inv_SB, , Accumulator, 20067092000, 67, 0, 0, 0, 0, 0
l1cache810, stateEvent_Inv_IB, , Accumulator, 20067092000, 67, 0, 0, 0, 0, 0
l1cache810, stateEvent_FetchInvX_I, , Accumulator, 20067092000, 67, 0, 0, 0, 0, 0
l1cache810, stateEvent_FetchInvX_M, , Accumulator, 20067092000, 67, 0, 0, 0, 0, 0
l1cache810, stateEvent_FetchInvX_IS, , Accumulator, 20067092000, 67, 0, 0, 0, 0, 0
l1cache810, stateEvent_FetchInvX_IM, , Accumulator, 20067092000, 67, 0, 0, 0, 0, 0
l1cache810, stateEvent_FetchInvX_SB, , Accumulator, 20067092000, 67, 0, 0, 0, 0, 0
l1cache810, stateEvent_FetchInvX_IB, , Accumulator, 20067092000, 67, 0, 0, 0, 0, 0
l1cache810, stateEvent_Fetch_I, , Accumulator, 20067092000, 67, 0, 0, 0, 0, 0
l1cache810, stateEvent_Fetch_S, , Accumulator, 20067092000, 67, 0, 0, 0, 0, 0
l1cache810, stateEvent_Fetch_IS, , Accumulator, 20067092000, 67, 0, 0, 0, 0, 0
l1cache810, stateEvent_Fetch_IM, , Accumulator, 20067092000, 67, 0, 0, 0, 0, 0
l1cache810, stateEvent_Fetch_SM, , Accumulator, 20067092000, 67, 0, 0, 0, 0, 0
l1cache810, stateEvent_Fetch_IB, , Accumulator, 20067092000, 67, 0, 0, 0, 0, 0
l1cache810, stateEvent_Fetch_SB, , Accumulator, 20067092000, 67, 0, 0, 0, 0, 0
l1cache810, stateEvent_FetchInv_I, , Accumulator, 20067092000, 67, 0, 0, 0, 0, 0
l1cache810, stateEvent_FetchInv_S, , Accumulator, 20067092000, 67, 0, 0, 0, 0, 0
l1cache810, stateEvent_FetchInv_M, , Accumulator, 20067092000, 67, 0, 0, 0, 0, 0
l1cache810, stateEvent_FetchInv_IS, , Accumulator, 20067092000, 67, 0, 0, 0, 0, 0
l1cache810, stateEvent_FetchInv_IM, , Accumulator, 20067092000, 67, 0, 0, 0, 0, 0
l1cache810, stateEvent_FetchInv_SM, , Accumulator, 20067092000, 67, 0, 0, 0, 0, 0
l1cache810, stateEvent_FetchInv_SB, , Accumulator, 20067092000, 67, 0, 0, 0, 0, 0
l1cache810, stateEvent_FetchInv_IB, , Accumulator, 20067092000, 67, 0, 0, 0, 0, 0
l1cache810, stateEvent_ForceInv_I, , Accumulator, 20067092000, 67, 0, 0, 0, 0, 0
l1cache810, stateEvent_ForceInv_S, , Accumulator, 20067092000, 67, 0, 0, 0, 0, 0
l1cache810, stateEvent_ForceInv_M, , Accumulator, 20067092000, 67, 0, 0, 0, 0, 0
l1cache810, stateEvent_ForceInv_IS, , Accumulator, 20067092000, 67, 0, 0, 0, 0, 0
l1cache810, stateEvent_ForceInv_IM, , Accumulator, 20067092000, 67, 0, 0, 0, 0, 0
l1cache810, stateEvent_ForceInv_SM, , Accumulator, 20067092000, 67, 0, 0, 0, 0, 0
l1cache810, stateEvent_ForceInv_SB, , Accumulator, 20067092000, 67, 0, 0, 0, 0, 0
l1cache810, stateEvent_ForceInv_IB, , Accumulator, 20067092000, 67, 0, 0, 0, 0, 0
l1cache810, stateEvent_FlushLine_I, , Accumulator, 20067092000, 67, 0, 0, 0, 0, 0
l1cache810, stateEvent_FlushLine_S, , Accumulator, 20067092000, 67, 0, 0, 0, 0, 0
l1cache810, stateEvent_FlushLine_M, , Accumulator, 20067092000, 67, 0, 0, 0, 0, 0
l1cache810, stateEvent_FlushLineInv_I, , Accumulator, 20067092000, 67, 0, 0, 0, 0, 0
l1cache810, stateEvent_FlushLineInv_S, , Accumulator, 20067092000, 67, 0, 0, 0, 0, 0
l1cache810, stateEvent_FlushLineInv_M, , Accumulator, 20067092000, 67, 0, 0, 0, 0, 0
l1cache810, stateEvent_FlushLineResp_I, , Accumulator, 20067092000, 67, 0, 0, 0, 0, 0
l1cache810, stateEvent_FlushLineResp_IB, , Accumulator, 20067092000, 67, 0, 0, 0, 0, 0
l1cache810, stateEvent_FlushLineResp_SB, , Accumulator, 20067092000, 67, 0, 0, 0, 0, 0
l1cache810, eventSent_GetS, , Accumulator, 20067092000, 67, 7, 7, 7, 1, 1
l1cache810, eventSent_GetX, , Accumulator, 20067092000, 67, 444, 444, 444, 1, 1
l1cache810, eventSent_GetSX, , Accumulator, 20067092000, 67, 0, 0, 0, 0, 0
l1cache810, eventSent_Write, , Accumulator, 20067092000, 67, 0, 0, 0, 0, 0
l1cache810, eventSent_PutM, , Accumulator, 20067092000, 67, 195, 195, 195, 1, 1
l1cache810, eventSent_NACK, , Accumulator, 20067092000, 67, 0, 0, 0, 0, 0
l1cache810, eventSent_FlushLine, , Accumulator, 20067092000, 67, 0, 0, 0, 0, 0
l1cache810, eventSent_FlushLineInv, , Accumulator, 20067092000, 67, 0, 0, 0, 0, 0
l1cache810, eventSent_FetchResp, , Accumulator, 20067092000, 67, 0, 0, 0, 0, 0
l1cache810, eventSent_FetchXResp, , Accumulator, 20067092000, 67, 0, 0, 0, 0, 0
l1cache810, eventSent_AckInv, , Accumulator, 20067092000, 67, 0, 0, 0, 0, 0
l1cache810, eventSent_GetSResp, , Accumulator, 20067092000, 67, 2885331, 2885331, 2885331, 1, 1
l1cache810, eventSent_GetXResp, , Accumulator, 20067092000, 67, 0, 0, 0, 0, 0
l1cache810, eventSent_WriteResp, , Accumulator, 20067092000, 67, 787906, 787906, 787906, 1, 1
l1cache810, eventSent_FlushLineResp, , Accumulator, 20067092000, 67, 0, 0, 0, 0, 0
l1cache810, eventSent_Put, , Accumulator, 20067092000, 67, 0, 0, 0, 0, 0
l1cache810, eventSent_Get, , Accumulator, 20067092000, 67, 0, 0, 0, 0, 0
l1cache810, eventSent_AckMove, , Accumulator, 20067092000, 67, 0, 0, 0, 0, 0
l1cache810, eventSent_CustomReq, , Accumulator, 20067092000, 67, 0, 0, 0, 0, 0
l1cache810, eventSent_CustomResp, , Accumulator, 20067092000, 67, 0, 0, 0, 0, 0
l1cache810, eventSent_CustomAck, , Accumulator, 20067092000, 67, 0, 0, 0, 0, 0
l1cache810, EventStalledForLockedCacheline, , Accumulator, 20067092000, 67, 0, 0, 0, 0, 0
l1cache810, evict_I, , Accumulator, 20067092000, 67, 256, 256, 256, 1, 1
l1cache810, evict_S, , Accumulator, 20067092000, 67, 0, 0, 0, 0, 0
l1cache810, evict_M, , Accumulator, 20067092000, 67, 195, 195, 195, 1, 1
l1cache810, evict_IS, , Accumulator, 20067092000, 67, 0, 0, 0, 0, 0
l1cache810, evict_IM, , Accumulator, 20067092000, 67, 0, 0, 0, 0, 0
l1cache810, evict_SM, , Accumulator, 20067092000, 67, 0, 0, 0, 0, 0
l1cache810, evict_SB, , Accumulator, 20067092000, 67, 0, 0, 0, 0, 0
l1cache810, latency_GetS_hit, , Accumulator, 20067092000, 67, 15488590, 87113032, 2885324, 5, 261
l1cache810, latency_GetS_miss, , Accumulator, 20067092000, 67, 1514, 327460, 7, 216, 218
l1cache810, latency_GetX_hit, , Accumulator, 20067092000, 67, 3938760, 20005344, 787462, 5, 270
l1cache810, latency_GetX_miss, , Accumulator, 20067092000, 67, 99562, 22447602, 444, 215, 277
l1cache810, latency_GetX_upgrade, , Accumulator, 20067092000, 67, 0, 0, 0, 0, 0
l1cache810, latency_GetSX_hit, , Accumulator, 20067092000, 67, 0, 0, 0, 0, 0
l1cache810, latency_GetSX_miss, , Accumulator, 20067092000, 67, 0, 0, 0, 0, 0
l1cache810, latency_GetSX_upgrade, , Accumulator, 20067092000, 67, 0, 0, 0, 0, 0
l1cache810, latency_FlushLine, , Accumulator, 20067092000, 67, 0, 0, 0, 0, 0
l1cache810, latency_FlushLine_fail, , Accumulator, 20067092000, 67, 0, 0, 0, 0, 0
l1cache810, latency_FlushLineInv, , Accumulator, 20067092000, 67, 0, 0, 0, 0, 0
l1cache810, latency_FlushLineInv_fail, , Accumulator, 20067092000, 67, 0, 0, 0, 0, 0
l1cache810, GetSHit_Arrival, , Accumulator, 20067092000, 67, 2885281, 2885281, 2885281, 1, 1
l1cache810, GetXHit_Arrival, , Accumulator, 20067092000, 67, 787455, 787455, 787455, 1, 1
l1cache810, GetSXHit_Arrival, , Accumulator, 20067092000, 67, 0, 0, 0, 0, 0
l1cache810, GetSHit_Blocked, , Accumulator, 20067092000, 67, 43, 43, 43, 1, 1
l1cache810, GetXHit_Blocked, , Accumulator, 20067092000, 67, 7, 7, 7, 1, 1
l1cache810, GetSXHit_Blocked, , Accumulator, 20067092000, 67, 0, 0, 0, 0, 0
l1cache810, GetSMiss_Arrival, , Accumulator, 20067092000, 67, 7, 7, 7, 1, 1
l1cache810, GetXMiss_Arrival, , Accumulator, 20067092000, 67, 444, 444, 444, 1, 1
l1cache810, GetSXMiss_Arrival, , Accumulator, 20067092000, 67, 0, 0, 0, 0, 0
l1cache810, GetSMiss_Blocked, , Accumulator, 20067092000, 67, 0, 0, 0, 0, 0
l1cache810, GetXMiss_Blocked, , Accumulator, 20067092000, 67, 0, 0, 0, 0, 0
l1cache810, GetSXMiss_Blocked, , Accumulator, 20067092000, 67, 0, 0, 0, 0, 0
l1cache810, CacheHits, , Accumulator, 20067092000, 67, 3672786, 3672786, 3672786, 1, 1
l1cache810, CacheMisses, , Accumulator, 20067092000, 67, 451, 451, 451, 1, 1
l1cache810, stateEvent_AckPut_I, , Accumulator, 20067092000, 67, 0, 0, 0, 0, 0
l1cache810, eventSent_PutS, , Accumulator, 20067092000, 67, 0, 0, 0, 0, 0
l1cache810, eventSent_PutE, , Accumulator, 20067092000, 67, 0, 0, 0, 0, 0
l1cache810, stateEvent_GetS_E, , Accumulator, 20067092000, 67, 524489, 524489, 524489, 1, 1
l1cache810, stateEvent_GetX_E, , Accumulator, 20067092000, 67, 0, 0, 0, 0, 0
l1cache810, stateEvent_GetSX_E, , Accumulator, 20067092000, 67, 0, 0, 0, 0, 0
l1cache810, stateEvent_FlushLine_E, , Accumulator, 20067092000, 67, 0, 0, 0, 0, 0
l1cache810, stateEvent_FlushLineInv_E, , Accumulator, 20067092000, 67, 0, 0, 0, 0, 0
l1cache810, stateEvent_FetchInv_E, , Accumulator, 20067092000, 67, 0, 0, 0, 0, 0
l1cache810, stateEvent_ForceInv_E, , Accumulator, 20067092000, 67, 0, 0, 0, 0, 0
l1cache810, stateEvent_FetchInvX_E, , Accumulator, 20067092000, 67, 0, 0, 0, 0, 0
l1cache810, evict_E, , Accumulator, 20067092000, 67, 0, 0, 0, 0, 0
l1cache810, TotalEventsReceived, , Accumulator, 20067092000, 67, 3673688, 3673688, 3673688, 1, 1
l1cache810, TotalEventsReplayed, , Accumulator, 20067092000, 67, 50, 50, 50, 1, 1
l1cache810, Put_uncache_recv, , Accumulator, 20067092000, 67, 0, 0, 0, 0, 0
l1cache810, Get_uncache_recv, , Accumulator, 20067092000, 67, 0, 0, 0, 0, 0
l1cache810, AckMove_uncache_recv, , Accumulator, 20067092000, 67, 0, 0, 0, 0, 0
l1cache810, GetS_uncache_recv, , Accumulator, 20067092000, 67, 0, 0, 0, 0, 0
l1cache810, Write_uncache_recv, , Accumulator, 20067092000, 67, 0, 0, 0, 0, 0
l1cache810, GetSX_uncache_recv, , Accumulator, 20067092000, 67, 0, 0, 0, 0, 0
l1cache810, GetSResp_uncache_recv, , Accumulator, 20067092000, 67, 0, 0, 0, 0, 0
l1cache810, WriteResp_uncache_recv, , Accumulator, 20067092000, 67, 0, 0, 0, 0, 0
l1cache810, CustomReq_uncache_recv, , Accumulator, 20067092000, 67, 0, 0, 0, 0, 0
l1cache810, CustomResp_uncache_recv, , Accumulator, 20067092000, 67, 0, 0, 0, 0, 0
l1cache810, CustomAck_uncache_recv, , Accumulator, 20067092000, 67, 0, 0, 0, 0, 0
l1cache810, NULLCMD_recv, , Accumulator, 20067092000, 67, 0, 0, 0, 0, 0
l1cache810, GetS_recv, , Accumulator, 20067092000, 67, 2885331, 2885331, 2885331, 1, 1
l1cache810, GetX_recv, , Accumulator, 20067092000, 67, 0, 0, 0, 0, 0
l1cache810, GetSX_recv, , Accumulator, 20067092000, 67, 0, 0, 0, 0, 0
l1cache810, Write_recv, , Accumulator, 20067092000, 67, 787906, 787906, 787906, 1, 1
l1cache810, FlushLine_recv, , Accumulator, 20067092000, 67, 0, 0, 0, 0, 0
l1cache810, FlushLineInv_recv, , Accumulator, 20067092000, 67, 0, 0, 0, 0, 0
l1cache810, GetSResp_recv, , Accumulator, 20067092000, 67, 0, 0, 0, 0, 0
l1cache810, GetXResp_recv, , Accumulator, 20067092000, 67, 451, 451, 451, 1, 1
l1cache810, FlushLineResp_recv, , Accumulator, 20067092000, 67, 0, 0, 0, 0, 0
l1cache810, Inv_recv, , Accumulator, 20067092000, 67, 0, 0, 0, 0, 0
l1cache810, ForceInv_recv, , Accumulator, 20067092000, 67, 0, 0, 0, 0, 0
l1cache810, Fetch_recv, , Accumulator, 20067092000, 67, 0, 0, 0, 0, 0
l1cache810, FetchInv_recv, , Accumulator, 20067092000, 67, 0, 0, 0, 0, 0
l1cache810, FetchInvX_recv, , Accumulator, 20067092000, 67, 0, 0, 0, 0, 0
l1cache810, NACK_recv, , Accumulator, 20067092000, 67, 0, 0, 0, 0, 0
l1cache810, AckPut_recv, , Accumulator, 20067092000, 67, 0, 0, 0, 0, 0
l1cache810, MSHR_occupancy, , Accumulator, 20067092000, 67, 109354, 6078384, 40134184, 0, 64
l1cache810, Bank_conflicts, , Accumulator, 20067092000, 67, 0, 0, 0, 0, 0
memory810, requests_received_GetS, , Accumulator, 20067092000, 67, 7, 7, 7, 1, 1
memory810, requests_received_GetSX, , Accumulator, 20067092000, 67, 0, 0, 0, 0, 0
memory810, requests_received_GetX, , Accumulator, 20067092000, 67, 444, 444, 444, 1, 1
memory810, requests_received_Write, , Accumulator, 20067092000, 67, 0, 0, 0, 0, 0
memory810, requests_received_PutM, , Accumulator, 20067092000, 67, 195, 195, 195, 1, 1
memory810, outstanding_requests, , Accumulator, 20067092000, 67, 135875, 12164225, 40134184, 0, 128
memory810, latency_GetS, , Accumulator, 20067092000, 67, 1416, 286440, 7, 202, 204
memory810, latency_GetSX, , Accumulator, 20067092000, 67, 0, 0, 0, 0, 0
memory810, latency_GetX, , Accumulator, 20067092000, 67, 93346, 19746890, 444, 201, 263
memory810, latency_Write, , Accumulator, 20067092000, 67, 0, 0, 0, 0, 0
memory810, latency_PutM, , Accumulator, 20067092000, 67, 41113, 8723637, 195, 201, 261
memory810, cycles_with_issue, , Accumulator, 20067092000, 67, 646, 646, 646, 1, 1
memory810, cycles_attempted_issue_but_rejected, , Accumulator, 20067092000, 67, 0, 0, 0, 0, 0
memory810, total_cycles, , Accumulator, 20067092000, 67, 40134184, 1610752725345856, 1, 40134184, 40134184
cpu811:memory, ReadInFlight, , Accumulator, 20067092000, 67, 2885331, 2885331, 2885331, 1, 1
cpu811:memory, ReadPending, , Accumulator, 20067092000, 67, 2885331, 2885331, 2885331, 1, 1
cpu811:memory, ReadBytes, , Accumulator, 20067092000, 67, 0, 0, 0, 0, 0
cpu811:memory, WriteInFlight, , Accumulator, 20067092000, 67, 787906, 787906, 787906, 1, 1
cpu811:memory, WritePending, , Accumulator, 20067092000, 67, 787906, 787906, 787906, 1, 1
cpu811:memory, WriteBytes, , Accumulator, 20067092000, 67, 0, 0, 0, 0, 0
cpu811:memory, FlushInFlight, , Accumulator, 20067092000, 67, 0, 0, 0, 0, 0
cpu811:memory, FlushPending, , Accumulator, 20067092000, 67, 0, 0, 0, 0, 0
cpu811:memory, ReadLockInFlight, , Accumulator, 20067092000, 67, 0, 0, 0, 0, 0
cpu811:memory, ReadLockPending, , Accumulator, 20067092000, 67, 0, 0, 0, 0, 0
cpu811:memory, ReadLockBytes, , Accumulator, 20067092000, 67, 0, 0, 0, 0, 0
cpu811:memory, WriteUnlockInFlight, , Accumulator, 20067092000, 67, 0, 0, 0, 0, 0
cpu811:memory, WriteUnlockPending, , Accumulator, 20067092000, 67, 0, 0, 0, 0, 0
cpu811:memory, WriteUnlockBytes, , Accumulator, 20067092000, 67, 0, 0, 0, 0, 0
cpu811:memory, LoadLinkInFlight, , Accumulator, 20067092000, 67, 0, 0, 0, 0, 0
cpu811:memory, LoadLinkPending, , Accumulator, 20067092000, 67, 0, 0, 0, 0, 0
cpu811:memory, StoreCondInFlight, , Accumulator, 20067092000, 67, 0, 0, 0, 0, 0
cpu811:memory, StoreCondPending, , Accumulator, 20067092000, 67, 0, 0, 0, 0, 0
cpu811:memory, CustomInFlight, , Accumulator, 20067092000, 67, 0, 0, 0, 0, 0
cpu811:memory, CustomPending, , Accumulator, 20067092000, 67, 0, 0, 0, 0, 0
cpu811:memory, CustomBytes, , Accumulator, 20067092000, 67, 0, 0, 0, 0, 0
cpu811:memory, FencePending, , Accumulator, 20067092000, 67, 221, 221, 221, 1, 1
cpu811:memory, AMOAddBytes, , Accumulator, 20067092000, 67, 0, 0, 0, 0, 0
cpu811:memory, AMOAddPending, , Accumulator, 20067092000, 67, 0, 0, 0, 0, 0
cpu811:memory, AMOXorBytes, , Accumulator, 20067092000, 67, 0, 0, 0, 0, 0
cpu811:memory, AMOXorPending, , Accumulator, 20067092000, 67, 0, 0, 0, 0, 0
cpu811:memory, AMOAndBytes, , Accumulator, 20067092000, 67, 0, 0, 0, 0, 0
cpu811:memory, AMOAndPending, , Accumulator, 20067092000, 67, 0, 0, 0, 0, 0
cpu811:memory, AMOOrBytes, , Accumulator, 20067092000, 67, 0, 0, 0, 0, 0
cpu811:memory, AMOOrPending, , Accumulator, 20067092000, 67, 0, 0, 0, 0, 0
cpu811:memory, AMOMinBytes, , Accumulator, 20067092000, 67, 0, 0, 0, 0, 0
cpu811:memory, AMOMinPending, , Accumulator, 20067092000, 67, 0, 0, 0, 0, 0
cpu811:memory, AMOMaxBytes, , Accumulator, 20067092000, 67, 0, 0, 0, 0, 0
cpu811:memory, AMOMaxPending, , Accumulator, 20067092000, 67, 0, 0, 0, 0, 0
cpu811:memory, AMOMinuBytes, , Accumulator, 20067092000, 67, 0, 0, 0, 0, 0
cpu811:memory, AMOMinuPending, , Accumulator, 20067092000, 67, 0, 0, 0, 0, 0
cpu811:memory, AMOMaxuBytes, , Accumulator, 20067092000, 67, 0, 0, 0, 0, 0
cpu811:memory, AMOMaxuPending, , Accumulator, 20067092000, 67, 0, 0, 0, 0, 0
cpu811:memory, AMOSwapBytes, , Accumulator, 20067092000, 67, 0, 0, 0, 0, 0
cpu811:memory, AMOSwapPending, , Accumulator, 20067092000, 67, 0, 0, 0, 0, 0
cpu811, TotalCycles, core_0, Accumulator, 20067092000, 67, 40134184, 1610752725345856, 1, 40134184, 40134184
cpu811, CyclesWithIssue, core_0, Accumulator, 20067092000, 67, 10229779, 104648378388841, 1, 10229779, 10229779
cpu811, FloatsRead, core_0, Accumulator, 20067092000, 67, 0, 0, 1, 0, 0
cpu811, FloatsWritten, core_0, Accumulator, 20067092000, 67, 0, 0, 1, 0, 0
cpu811, DoublesRead, core_0, Accumulator, 20067092000, 67, 0, 0, 1, 0, 0
cpu811, DoublesWritten, core_0, Accumulator, 20067092000, 67, 0, 0, 1, 0, 0
cpu811, BytesRead, core_0, Accumulator, 20067092000, 67, 15739732, 247739163431824, 1, 15739732, 15739732
cpu811, BytesWritten, core_0, Accumulator, 20067092000, 67, 4228595, 17881015674025, 1, 4228595, 4228595
cpu811, FloatsExec, core_0, Accumulator, 20067092000, 67, 0, 0, 1, 0, 0
cpu811, TLBHitsPerCore, core_0, Accumulator, 20067092000, 67, 3672717, 13488850162089, 1, 3672717, 3672717
cpu811, TLBMissesPerCore, core_0, Accumulator, 20067092000, 67, 520, 270400, 1, 520, 520
l1cache811, default_stat, , Accumulator, 20067092000, 67, 0, 0, 0, 0, 0
l1cache811, stateEvent_GetS_I, , Accumulator, 20067092000, 67, 7, 7, 7, 1, 1
l1cache811, stateEvent_GetS_S, , Accumulator, 20067092000, 67, 0, 0, 0, 0, 0
l1cache811, stateEvent_GetS_M, , Accumulator, 20067092000, 67, 2360835, 2360835, 2360835, 1, 1
l1cache811, stateEvent_GetX_I, , Accumulator, 20067092000, 67, 444, 444, 444, 1, 1
l1cache811, stateEvent_GetX_S, , Accumulator, 20067092000, 67, 0, 0, 0, 0, 0
l1cache811, stateEvent_GetX_M, , Accumulator, 20067092000, 67, 787462, 787462, 787462, 1, 1
l1cache811, stateEvent_GetSX_I, , Accumulator, 20067092000, 67, 0, 0, 0, 0, 0
l1cache811, stateEvent_GetSX_S, , Accumulator, 20067092000, 67, 0, 0, 0, 0, 0
l1cache811, stateEvent_GetSX_M, , Accumulator, 20067092000, 67, 0, 0, 0, 0, 0
l1cache811, stateEvent_GetSResp_IS, , Accumulator, 20067092000, 67, 0, 0, 0, 0, 0
l1cache811, stateEvent_GetXResp_IS, , Accumulator, 20067092000, 67, 7, 7, 7, 1, 1
l1cache811, stateEvent_GetXResp_IM, , Accumulator, 20067092000, 67, 444, 444, 444, 1, 1
l1cache811, stateEvent_GetXResp_SM, , Accumulator, 20067092000, 67, 0, 0, 0, 0, 0
l1cache811, stateEvent_Inv_I, , Accumulator, 20067092000, 67, 0, 0, 0, 0, 0
l1cache811, stateEvent_Inv_S, , Accumulator, 20067092000, 67, 0, 0, 0, 0, 0
l1cache811, stateEvent_Inv_IS, , Accumulator, 20067092000, 67, 0, 0, 0, 0, 0
l1cache811, stateEvent_Inv_IM, , Accumulator, 20067092000, 67, 0, 0, 0, 0, 0
l1cache811, stateEvent_Inv_SM, , Accumulator, 20067092000, 67, 0, 0, 0, 0, 0
l1cache811, stateEvent_Inv_SB, , Accumulator, 20067092000, 67, 0, 0, 0, 0, 0
l1cache811, stateEvent_Inv_IB, , Accumulator, 20067092000, 67, 0, 0, 0, 0, 0
l1cache811, stateEvent_FetchInvX_I, , Accumulator, 20067092000, 67, 0, 0, 0, 0, 0
l1cache811, stateEvent_FetchInvX_M, , Accumulator, 20067092000, 67, 0, 0, 0, 0, 0
l1cache811, stateEvent_FetchInvX_IS, , Accumulator, 20067092000, 67, 0, 0, 0, 0, 0
l1cache811, stateEvent_FetchInvX_IM, , Accumulator, 20067092000, 67, 0, 0, 0, 0, 0
l1cache811, stateEvent_FetchInvX_SB, , Accumulator, 20067092000, 67, 0, 0, 0, 0, 0
l1cache811, stateEvent_FetchInvX_IB, , Accumulator, 20067092000, 67, 0, 0, 0, 0, 0
l1cache811, stateEvent_Fetch_I, , Accumulator, 20067092000, 67, 0, 0, 0, 0, 0
l1cache811, stateEvent_Fetch_S, , Accumulator, 20067092000, 67, 0, 0, 0, 0, 0
l1cache811, stateEvent_Fetch_IS, , Accumulator, 20067092000, 67, 0, 0, 0, 0, 0
l1cache811, stateEvent_Fetch_IM, , Accumulator, 20067092000, 67, 0, 0, 0, 0, 0
l1cache811, stateEvent_Fetch_SM, , Accumulator, 20067092000, 67, 0, 0, 0, 0, 0
l1cache811, stateEvent_Fetch_IB, , Accumulator, 20067092000, 67, 0, 0, 0, 0, 0
l1cache811, stateEvent_Fetch_SB, , Accumulator, 20067092000, 67, 0, 0, 0, 0, 0
l1cache811, stateEvent_FetchInv_I, , Accumulator, 20067092000, 67, 0, 0, 0, 0, 0
l1cache811, stateEvent_FetchInv_S, , Accumulator, 20067092000, 67, 0, 0, 0, 0, 0
l1cache811, stateEvent_FetchInv_M, , Accumulator, 20067092000, 67, 0, 0, 0, 0, 0
l1cache811, stateEvent_FetchInv_IS, , Accumulator, 20067092000, 67, 0, 0, 0, 0, 0
l1cache811, stateEvent_FetchInv_IM, , Accumulator, 20067092000, 67, 0, 0, 0, 0, 0
l1cache811, stateEvent_FetchInv_SM, , Accumulator, 20067092000, 67, 0, 0, 0, 0, 0
l1cache811, stateEvent_FetchInv_SB, , Accumulator, 20067092000, 67, 0, 0, 0, 0, 0
l1cache811, stateEvent_FetchInv_IB, , Accumulator, 20067092000, 67, 0, 0, 0, 0, 0
l1cache811, stateEvent_ForceInv_I, , Accumulator, 20067092000, 67, 0, 0, 0, 0, 0
l1cache811, stateEvent_ForceInv_S, , Accumulator, 20067092000, 67, 0, 0, 0, 0, 0
l1cache811, stateEvent_ForceInv_M, , Accumulator, 20067092000, 67, 0, 0, 0, 0, 0
l1cache811, stateEvent_ForceInv_IS, , Accumulator, 20067092000, 67, 0, 0, 0, 0, 0
l1cache811, stateEvent_ForceInv_IM, , Accumulator, 20067092000, 67, 0, 0, 0, 0, 0
l1cache811, stateEvent_ForceInv_SM, , Accumulator, 20067092000, 67, 0, 0, 0, 0, 0
l1cache811, stateEvent_ForceInv_SB, , Accumulator, 20067092000, 67, 0, 0, 0, 0, 0
l1cache811, stateEvent_ForceInv_IB, , Accumulator, 20067092000, 67, 0, 0, 0, 0, 0
l1cache811, stateEvent_FlushLine_I, , Accumulator, 20067092000, 67, 0, 0, 0, 0, 0
l1cache811, stateEvent_FlushLine_S, , Accumulator, 20067092000, 67, 0, 0, 0, 0, 0
l1cache811, stateEvent_FlushLine_M, , Accumulator, 20067092000, 67, 0, 0, 0, 0, 0
l1cache811, stateEvent_FlushLineInv_I, , Accumulator, 20067092000, 67, 0, 0, 0, 0, 0
l1cache811, stateEvent_FlushLineInv_S, , Accumulator, 20067092000, 67, 0, 0, 0, 0, 0
l1cache811, stateEvent_FlushLineInv_M, , Accumulator, 20067092000, 67, 0, 0, 0, 0, 0
l1cache811, stateEvent_FlushLineResp_I, , Accumulator, 20067092000, 67, 0, 0, 0, 0, 0
l1cache811, stateEvent_FlushLineResp_IB, , Accumulator, 20067092000, 67, 0, 0, 0, 0, 0
l1cache811, stateEvent_FlushLineResp_SB, , Accumulator, 20067092000, 67, 0, 0, 0, 0, 0
l1cache811, eventSent_GetS, , Accumulator, 20067092000, 67, 7, 7, 7, 1, 1
l1cache811, eventSent_GetX, , Accumulator, 20067092000, 67, 444, 444, 444, 1, 1
l1cache811, eventSent_GetSX, , Accumulator, 20067092000, 67, 0, 0, 0, 0, 0
l1cache811, eventSent_Write, , Accumulator, 20067092000, 67, 0, 0, 0, 0, 0
l1cache811, eventSent_PutM, , Accumulator, 20067092000, 67, 195, 195, 195, 1, 1
l1cache811, eventSent_NACK, , Accumulator, 20067092000, 67, 0, 0, 0, 0, 0
l1cache811, eventSent_FlushLine, , Accumulator, 20067092000, 67, 0, 0, 0, 0, 0
l1cache811, eventSent_FlushLineInv, , Accumulator, 20067092000, 67, 0, 0, 0, 0, 0
l1cache811, eventSent_FetchResp, , Accumulator, 20067092000, 67, 0, 0, 0, 0, 0
l1cache811, eventSent_FetchXResp, , Accumulator, 20067092000, 67, 0, 0, 0, 0, 0
l1cache811, eventSent_AckInv, , Accumulator, 20067092000, 67, 0, 0, 0, 0, 0
l1cache811, eventSent_GetSResp, , Accumulator, 20067092000, 67, 2885331, 2885331, 2885331, 1, 1
l1cache811, eventSent_GetXResp, , Accumulator, 20067092000, 67, 0, 0, 0, 0, 0
l1cache811, eventSent_WriteResp, , Accumulator, 20067092000, 67, 787906, 787906, 787906, 1, 1
l1cache811, eventSent_FlushLineResp, , Accumulator, 20067092000, 67, 0, 0, 0, 0, 0
l1cache811, eventSent_Put, , Accumulator, 20067092000, 67, 0, 0, 0, 0, 0
l1cache811, eventSent_Get, , Accumulator, 20067092000, 67, 0, 0, 0, 0, 0
l1cache811, eventSent_AckMove, , Accumulator, 20067092000, 67, 0, 0, 0, 0, 0
l1cache811, eventSent_CustomReq, , Accumulator, 20067092000, 67, 0, 0, 0, 0, 0
l1cache811, eventSent_CustomResp, , Accumulator, 20067092000, 67, 0, 0, 0, 0, 0
l1cache811, eventSent_CustomAck, , Accumulator, 20067092000, 67, 0, 0, 0, 0, 0
l1cache811, EventStalledForLockedCacheline, , Accumulator, 20067092000, 67, 0, 0, 0, 0, 0
l1cache811, evict_I, , Accumulator, 20067092000, 67, 256, 256, 256, 1, 1
l1cache811, evict_S, , Accumulator, 20067092000, 67, 0, 0, 0, 0, 0
l1cache811, evict_M, , Accumulator, 20067092000, 67, 195, 195, 195, 1, 1
l1cache811, evict_IS, , Accumulator, 20067092000, 67, 0, 0, 0, 0, 0
l1cache811, evict_IM, , Accumulator, 20067092000, 67, 0, 0, 0, 0, 0
l1cache811, evict_SM, , Accumulator, 20067092000, 67, 0, 0, 0, 0, 0
l1cache811, evict_SB, , Accumulator, 20067092000, 67, 0, 0, 0, 0, 0
l1cache811, latency_GetS_hit, , Accumulator, 20067092000, 67, 15488590, 87113032, 2885324, 5, 261
l1cache811, latency_GetS_miss, , Accumulator, 20067092000, 67, 1514, 327460, 7, 216, 218
l1cache811, latency_GetX_hit, , Accumulator, 20067092000, 67, 3938760, 20005344, 787462, 5, 270
l1cache811, latency_GetX_miss, , Accumulator, 20067092000, 67, 99562, 22447602, 444, 215, 277
l1cache811, latency_GetX_upgrade, , Accumulator, 20067092000, 67, 0, 0, 0, 0, 0
l1cache811, latency_GetSX_hit, , Accumulator, 20067092000, 67, 0, 0, 0, 0, 0
l1cache811, latency_GetSX_miss, , Accumulator, 20067092000, 67, 0, 0, 0, 0, 0
l1cache811, latency_GetSX_upgrade, , Accumulator, 20067092000, 67, 0, 0, 0, 0, 0
l1cache811, latency_FlushLine, , Accumulator, 20067092000, 67, 0, 0, 0, 0, 0
l1cache811, latency_FlushLine_fail, , Accumulator, 20067092000, 67, 0, 0, 0, 0, 0
l1cache811, latency_FlushLineInv, , Accumulator, 20067092000, 67, 0, 0, 0, 0, 0
l1cache811, latency_FlushLineInv_fail, , Accumulator, 20067092000, 67, 0, 0, 0, 0, 0
l1cache811, GetSHit_Arrival, , Accumulator, 20067092000, 67, 2885281, 2885281, 2885281, 1, 1
l1cache811, GetXHit_Arrival, , Accumulator, 20067092000, 67, 787455, 787455, 787455, 1, 1
l1cache811, GetSXHit_Arrival, , Accumulator, 20067092000, 67, 0, 0, 0, 0, 0
l1cache811, GetSHit_Blocked, , Accumulator, 20067092000, 67, 43, 43, 43, 1, 1
l1cache811, GetXHit_Blocked, , Accumulator, 20067092000, 67, 7, 7, 7, 1, 1
l1cache811, GetSXHit_Blocked, , Accumulator, 20067092000, 67, 0, 0, 0, 0, 0
l1cache811, GetSMiss_Arrival, , Accumulator, 20067092000, 67, 7, 7, 7, 1, 1
l1cache811, GetXMiss_Arrival, , Accumulator, 20067092000, 67, 444, 444, 444, 1, 1
l1cache811, GetSXMiss_Arrival, , Accumulator, 20067092000, 67, 0, 0, 0, 0, 0
l1cache811, GetSMiss_Blocked, , Accumulator, 20067092000, 67, 0, 0, 0, 0, 0
l1cache811, GetXMiss_Blocked, , Accumulator, 20067092000, 67, 0, 0, 0, 0, 0
l1cache811, GetSXMiss_Blocked, , Accumulator, 20067092000, 67, 0, 0, 0, 0, 0
l1cache811, CacheHits, , Accumulator, 20067092000, 67, 3672786, 3672786, 3672786, 1, 1
l1cache811, CacheMisses, , Accumulator, 20067092000, 67, 451, 451, 451, 1, 1
l1cache811, stateEvent_AckPut_I, , Accumulator, 20067092000, 67, 0, 0, 0, 0, 0
l1cache811, eventSent_PutS, , Accumulator, 20067092000, 67, 0, 0, 0, 0, 0
l1cache811, eventSent_PutE, , Accumulator, 20067092000, 67, 0, 0, 0, 0, 0
l1cache811, stateEvent_GetS_E, , Accumulator, 20067092000, 67, 524489, 524489, 524489, 1, 1
l1cache811, stateEvent_GetX_E, , Accumulator, 20067092000, 67, 0, 0, 0, 0, 0
l1cache811, stateEvent_GetSX_E, , Accumulator, 20067092000, 67, 0, 0, 0, 0, 0
l1cache811, stateEvent_FlushLine_E, , Accumulator, 20067092000, 67, 0, 0, 0, 0, 0
l1cache811, stateEvent_FlushLineInv_E, , Accumulator, 20067092000, 67, 0, 0, 0, 0, 0
l1cache811, stateEvent_FetchInv_E, , Accumulator, 20067092000, 67, 0, 0, 0, 0, 0
l1cache811, stateEvent_ForceInv_E, , Accumulator, 20067092000, 67, 0, 0, 0, 0, 0
l1cache811, stateEvent_FetchInvX_E, , Accumulator, 20067092000, 67, 0, 0, 0, 0, 0
l1cache811, evict_E, , Accumulator, 20067092000, 67, 0, 0, 0, 0, 0
l1cache811, TotalEventsReceived, , Accumulator, 20067092000, 67, 3673688, 3673688, 3673688, 1, 1
l1cache811, TotalEventsReplayed, , Accumulator, 20067092000, 67, 50, 50, 50, 1, 1
l1cache811, Put_uncache_recv, , Accumulator, 20067092000, 67, 0, 0, 0, 0, 0
l1cache811, Get_uncache_recv, , Accumulator, 20067092000, 67, 0, 0, 0, 0, 0
l1cache811, AckMove_uncache_recv, , Accumulator, 20067092000, 67, 0, 0, 0, 0, 0
l1cache811, GetS_uncache_recv, , Accumulator, 20067092000, 67, 0, 0, 0, 0, 0
l1cache811, Write_uncache_recv, , Accumulator, 20067092000, 67, 0, 0, 0, 0, 0
l1cache811, GetSX_uncache_recv, , Accumulator, 20067092000, 67, 0, 0, 0, 0, 0
l1cache811, GetSResp_uncache_recv, , Accumulator, 20067092000, 67, 0, 0, 0, 0, 0
l1cache811, WriteResp_uncache_recv, , Accumulator, 20067092000, 67, 0, 0, 0, 0, 0
l1cache811, CustomReq_uncache_recv, , Accumulator, 20067092000, 67, 0, 0, 0, 0, 0
l1cache811, CustomResp_uncache_recv, , Accumulator, 20067092000, 67, 0, 0, 0, 0, 0
l1cache811, CustomAck_uncache_recv, , Accumulator, 20067092000, 67, 0, 0, 0, 0, 0
l1cache811, NULLCMD_recv, , Accumulator, 20067092000, 67, 0, 0, 0, 0, 0
l1cache811, GetS_recv, , Accumulator, 20067092000, 67, 2885331, 2885331, 2885331, 1, 1
l1cache811, GetX_recv, , Accumulator, 20067092000, 67, 0, 0, 0, 0, 0
l1cache811, GetSX_recv, , Accumulator, 20067092000, 67, 0, 0, 0, 0, 0
l1cache811, Write_recv, , Accumulator, 20067092000, 67, 787906, 787906, 787906, 1, 1
l1cache811, FlushLine_recv, , Accumulator, 20067092000, 67, 0, 0, 0, 0, 0
l1cache811, FlushLineInv_recv, , Accumulator, 20067092000, 67, 0, 0, 0, 0, 0
l1cache811, GetSResp_recv, , Accumulator, 20067092000, 67, 0, 0, 0, 0, 0
l1cache811, GetXResp_recv, , Accumulator, 20067092000, 67, 451, 451, 451, 1, 1
l1cache811, FlushLineResp_recv, , Accumulator, 20067092000, 67, 0, 0, 0, 0, 0
l1cache811, Inv_recv, , Accumulator, 20067092000, 67, 0, 0, 0, 0, 0
l1cache811, ForceInv_recv, , Accumulator, 20067092000, 67, 0, 0, 0, 0, 0
l1cache811, Fetch_recv, , Accumulator, 20067092000, 67, 0, 0, 0, 0, 0
l1cache811, FetchInv_recv, , Accumulator, 20067092000, 67, 0, 0, 0, 0, 0
l1cache811, FetchInvX_recv, , Accumulator, 20067092000, 67, 0, 0, 0, 0, 0
l1cache811, NACK_recv, , Accumulator, 20067092000, 67, 0, 0, 0, 0, 0
l1cache811, AckPut_recv, , Accumulator, 20067092000, 67, 0, 0, 0, 0, 0
l1cache811, MSHR_occupancy, , Accumulator, 20067092000, 67, 109354, 6078384, 40134184, 0, 64
l1cache811, Bank_conflicts, , Accumulator, 20067092000, 67, 0, 0, 0, 0, 0
memory811, requests_received_GetS, , Accumulator, 20067092000, 67, 7, 7, 7, 1, 1
memory811, requests_received_GetSX, , Accumulator, 20067092000, 67, 0, 0, 0, 0, 0
memory811, requests_received_GetX, , Accumulator, 20067092000, 67, 444, 444, 444, 1, 1
memory811, requests_received_Write, , Accumulator, 20067092000, 67, 0, 0, 0, 0, 0
memory811, requests_received_PutM, , Accumulator, 20067092000, 67, 195, 195, 195, 1, 1
memory811, outstanding_requests, , Accumulator, 20067092000, 67, 135875, 12164225, 40134184, 0, 128
memory811, latency_GetS, , Accumulator, 20067092000, 67, 1416, 286440, 7, 202, 204
memory811, latency_GetSX, , Accumulator, 20067092000, 67, 0, 0, 0, 0, 0
memory811, latency_GetX, , Accumulator, 20067092000, 67, 93346, 19746890, 444, 201, 263
memory811, latency_Write, , Accumulator, 20067092000, 67, 0, 0, 0, 0, 0
memory811, latency_PutM, , Accumulator, 20067092000, 67, 41113, 8723637, 195, 201, 261
memory811, cycles_with_issue, , Accumulator, 20067092000, 67, 646, 646, 646, 1, 1
memory811, cycles_attempted_issue_but_rejected, , Accumulator, 20067092000, 67, 0, 0, 0, 0, 0
memory811, total_cycles, , Accumulator, 20067092000, 67, 40134184, 1610752725345856, 1, 40134184, 40134184
cpu812:memory, ReadInFlight, , Accumulator, 20067092000, 67, 2885331, 2885331, 2885331, 1, 1
cpu812:memory, ReadPending, , Accumulator, 20067092000, 67, 2885331, 2885331, 2885331, 1, 1
cpu812:memory, ReadBytes, , Accumulator, 20067092000, 67, 0, 0, 0, 0, 0
cpu812:memory, WriteInFlight, , Accumulator, 20067092000, 67, 787906, 787906, 787906, 1, 1
cpu812:memory, WritePending, , Accumulator, 20067092000, 67, 787906, 787906, 787906, 1, 1
cpu812:memory, WriteBytes, , Accumulator, 20067092000, 67, 0, 0, 0, 0, 0
cpu812:memory, FlushInFlight, , Accumulator, 20067092000, 67, 0, 0, 0, 0, 0
cpu812:memory, FlushPending, , Accumulator, 20067092000, 67, 0, 0, 0, 0, 0
cpu812:memory, ReadLockInFlight, , Accumulator, 20067092000, 67, 0, 0, 0, 0, 0
cpu812:memory, ReadLockPending, , Accumulator, 20067092000, 67, 0, 0, 0, 0, 0
cpu812:memory, ReadLockBytes, , Accumulator, 20067092000, 67, 0, 0, 0, 0, 0
cpu812:memory, WriteUnlockInFlight, , Accumulator, 20067092000, 67, 0, 0, 0, 0, 0
cpu812:memory, WriteUnlockPending, , Accumulator, 20067092000, 67, 0, 0, 0, 0, 0
cpu812:memory, WriteUnlockBytes, , Accumulator, 20067092000, 67, 0, 0, 0, 0, 0
cpu812:memory, LoadLinkInFlight, , Accumulator, 20067092000, 67, 0, 0, 0, 0, 0
cpu812:memory, LoadLinkPending, , Accumulator, 20067092000, 67, 0, 0, 0, 0, 0
cpu812:memory, StoreCondInFlight, , Accumulator, 20067092000, 67, 0, 0, 0, 0, 0
cpu812:memory, StoreCondPending, , Accumulator, 20067092000, 67, 0, 0, 0, 0, 0
cpu812:memory, CustomInFlight, , Accumulator, 20067092000, 67, 0, 0, 0, 0, 0
cpu812:memory, CustomPending, , Accumulator, 20067092000, 67, 0, 0, 0, 0, 0
cpu812:memory, CustomBytes, , Accumulator, 20067092000, 67, 0, 0, 0, 0, 0
cpu812:memory, FencePending, , Accumulator, 20067092000, 67, 221, 221, 221, 1, 1
cpu812:memory, AMOAddBytes, , Accumulator, 20067092000, 67, 0, 0, 0, 0, 0
cpu812:memory, AMOAddPending, , Accumulator, 20067092000, 67, 0, 0, 0, 0, 0
cpu812:memory, AMOXorBytes, , Accumulator, 20067092000, 67, 0, 0, 0, 0, 0
cpu812:memory, AMOXorPending, , Accumulator, 20067092000, 67, 0, 0, 0, 0, 0
cpu812:memory, AMOAndBytes, , Accumulator, 20067092000, 67, 0, 0, 0, 0, 0
cpu812:memory, AMOAndPending, , Accumulator, 20067092000, 67, 0, 0, 0, 0, 0
cpu812:memory, AMOOrBytes, , Accumulator, 20067092000, 67, 0, 0, 0, 0, 0
cpu812:memory, AMOOrPending, , Accumulator, 20067092000, 67, 0, 0, 0, 0, 0
cpu812:memory, AMOMinBytes, , Accumulator, 20067092000, 67, 0, 0, 0, 0, 0
cpu812:memory, AMOMinPending, , Accumulator, 20067092000, 67, 0, 0, 0, 0, 0
cpu812:memory, AMOMaxBytes, , Accumulator, 20067092000, 67, 0, 0, 0, 0, 0
cpu812:memory, AMOMaxPending, , Accumulator, 20067092000, 67, 0, 0, 0, 0, 0
cpu812:memory, AMOMinuBytes, , Accumulator, 20067092000, 67, 0, 0, 0, 0, 0
cpu812:memory, AMOMinuPending, , Accumulator, 20067092000, 67, 0, 0, 0, 0, 0
cpu812:memory, AMOMaxuBytes, , Accumulator, 20067092000, 67, 0, 0, 0, 0, 0
cpu812:memory, AMOMaxuPending, , Accumulator, 20067092000, 67, 0, 0, 0, 0, 0
cpu812:memory, AMOSwapBytes, , Accumulator, 20067092000, 67, 0, 0, 0, 0, 0
cpu812:memory, AMOSwapPending, , Accumulator, 20067092000, 67, 0, 0, 0, 0, 0
cpu812, TotalCycles, core_0, Accumulator, 20067092000, 67, 40134184, 1610752725345856, 1, 40134184, 40134184
cpu812, CyclesWithIssue, core_0, Accumulator, 20067092000, 67, 10229779, 104648378388841, 1, 10229779, 10229779
cpu812, FloatsRead, core_0, Accumulator, 20067092000, 67, 0, 0, 1, 0, 0
cpu812, FloatsWritten, core_0, Accumulator, 20067092000, 67, 0, 0, 1, 0, 0
cpu812, DoublesRead, core_0, Accumulator, 20067092000, 67, 0, 0, 1, 0, 0
cpu812, DoublesWritten, core_0, Accumulator, 20067092000, 67, 0, 0, 1, 0, 0
cpu812, BytesRead, core_0, Accumulator, 20067092000, 67, 15739732, 247739163431824, 1, 15739732, 15739732
cpu812, BytesWritten, core_0, Accumulator, 20067092000, 67, 4228595, 17881015674025, 1, 4228595, 4228595
cpu812, FloatsExec, core_0, Accumulator, 20067092000, 67, 0, 0, 1, 0, 0
cpu812, TLBHitsPerCore, core_0, Accumulator, 20067092000, 67, 3672717, 13488850162089, 1, 3672717, 3672717
cpu812, TLBMissesPerCore, core_0, Accumulator, 20067092000, 67, 520, 270400, 1, 520, 520
l1cache812, default_stat, , Accumulator, 20067092000, 67, 0, 0, 0, 0, 0
l1cache812, stateEvent_GetS_I, , Accumulator, 20067092000, 67, 7, 7, 7, 1, 1
l1cache812, stateEvent_GetS_S, , Accumulator, 20067092000, 67, 0, 0, 0, 0, 0
l1cache812, stateEvent_GetS_M, , Accumulator, 20067092000, 67, 2360835, 2360835, 2360835, 1, 1
l1cache812, stateEvent_GetX_I, , Accumulator, 20067092000, 67, 444, 444, 444, 1, 1
l1cache812, stateEvent_GetX_S, , Accumulator, 20067092000, 67, 0, 0, 0, 0, 0
l1cache812, stateEvent_GetX_M, , Accumulator, 20067092000, 67, 787462, 787462, 787462, 1, 1
l1cache812, stateEvent_GetSX_I, , Accumulator, 20067092000, 67, 0, 0, 0, 0, 0
l1cache812, stateEvent_GetSX_S, , Accumulator, 20067092000, 67, 0, 0, 0, 0, 0
l1cache812, stateEvent_GetSX_M, , Accumulator, 20067092000, 67, 0, 0, 0, 0, 0
l1cache812, stateEvent_GetSResp_IS, , Accumulator, 20067092000, 67, 0, 0, 0, 0, 0
l1cache812, stateEvent_GetXResp_IS, , Accumulator, 20067092000, 67, 7, 7, 7, 1, 1
l1cache812, stateEvent_GetXResp_IM, , Accumulator, 20067092000, 67, 444, 444, 444, 1, 1
l1cache812, stateEvent_GetXResp_SM, , Accumulator, 20067092000, 67, 0, 0, 0, 0, 0
l1cache812, stateEvent_Inv_I, , Accumulator, 20067092000, 67, 0, 0, 0, 0, 0
l1cache812, stateEvent_Inv_S, , Accumulator, 20067092000, 67, 0, 0, 0, 0, 0
l1cache812, stateEvent_Inv_IS, , Accumulator, 20067092000, 67, 0, 0, 0, 0, 0
l1cache812, stateEvent_Inv_IM, , Accumulator, 20067092000, 67, 0, 0, 0, 0, 0
l1cache812, stateEvent_Inv_SM, , Accumulator, 20067092000, 67, 0, 0, 0, 0, 0
l1cache812, stateEvent_Inv_SB, , Accumulator, 20067092000, 67, 0, 0, 0, 0, 0
l1cache812, stateEvent_Inv_IB, , Accumulator, 20067092000, 67, 0, 0, 0, 0, 0
l1cache812, stateEvent_FetchInvX_I, , Accumulator, 20067092000, 67, 0, 0, 0, 0, 0
l1cache812, stateEvent_FetchInvX_M, , Accumulator, 20067092000, 67, 0, 0, 0, 0, 0
l1cache812, stateEvent_FetchInvX_IS, , Accumulator, 20067092000, 67, 0, 0, 0, 0, 0
l1cache812, stateEvent_FetchInvX_IM, , Accumulator, 20067092000, 67, 0, 0, 0, 0, 0
l1cache812, stateEvent_FetchInvX_SB, , Accumulator, 20067092000, 67, 0, 0, 0, 0, 0
l1cache812, stateEvent_FetchInvX_IB, , Accumulator, 20067092000, 67, 0, 0, 0, 0, 0
l1cache812, stateEvent_Fetch_I, , Accumulator, 20067092000, 67, 0, 0, 0, 0, 0
l1cache812, stateEvent_Fetch_S, , Accumulator, 20067092000, 67, 0, 0, 0, 0, 0
l1cache812, stateEvent_Fetch_IS, , Accumulator, 20067092000, 67, 0, 0, 0, 0, 0
l1cache812, stateEvent_Fetch_IM, , Accumulator, 20067092000, 67, 0, 0, 0, 0, 0
l1cache812, stateEvent_Fetch_SM, , Accumulator, 20067092000, 67, 0, 0, 0, 0, 0
l1cache812, stateEvent_Fetch_IB, , Accumulator, 20067092000, 67, 0, 0, 0, 0, 0
l1cache812, stateEvent_Fetch_SB, , Accumulator, 20067092000, 67, 0, 0, 0, 0, 0
l1cache812, stateEvent_FetchInv_I, , Accumulator, 20067092000, 67, 0, 0, 0, 0, 0
l1cache812, stateEvent_FetchInv_S, , Accumulator, 20067092000, 67, 0, 0, 0, 0, 0
l1cache812, stateEvent_FetchInv_M, , Accumulator, 20067092000, 67, 0, 0, 0, 0, 0
l1cache812, stateEvent_FetchInv_IS, , Accumulator, 20067092000, 67, 0, 0, 0, 0, 0
l1cache812, stateEvent_FetchInv_IM, , Accumulator, 20067092000, 67, 0, 0, 0, 0, 0
l1cache812, stateEvent_FetchInv_SM, , Accumulator, 20067092000, 67, 0, 0, 0, 0, 0
l1cache812, stateEvent_FetchInv_SB, , Accumulator, 20067092000, 67, 0, 0, 0, 0, 0
l1cache812, stateEvent_FetchInv_IB, , Accumulator, 20067092000, 67, 0, 0, 0, 0, 0
l1cache812, stateEvent_ForceInv_I, , Accumulator, 20067092000, 67, 0, 0, 0, 0, 0
l1cache812, stateEvent_ForceInv_S, , Accumulator, 20067092000, 67, 0, 0, 0, 0, 0
l1cache812, stateEvent_ForceInv_M, , Accumulator, 20067092000, 67, 0, 0, 0, 0, 0
l1cache812, stateEvent_ForceInv_IS, , Accumulator, 20067092000, 67, 0, 0, 0, 0, 0
l1cache812, stateEvent_ForceInv_IM, , Accumulator, 20067092000, 67, 0, 0, 0, 0, 0
l1cache812, stateEvent_ForceInv_SM, , Accumulator, 20067092000, 67, 0, 0, 0, 0, 0
l1cache812, stateEvent_ForceInv_SB, , Accumulator, 20067092000, 67, 0, 0, 0, 0, 0
l1cache812, stateEvent_ForceInv_IB, , Accumulator, 20067092000, 67, 0, 0, 0, 0, 0
l1cache812, stateEvent_FlushLine_I, , Accumulator, 20067092000, 67, 0, 0, 0, 0, 0
l1cache812, stateEvent_FlushLine_S, , Accumulator, 20067092000, 67, 0, 0, 0, 0, 0
l1cache812, stateEvent_FlushLine_M, , Accumulator, 20067092000, 67, 0, 0, 0, 0, 0
l1cache812, stateEvent_FlushLineInv_I, , Accumulator, 20067092000, 67, 0, 0, 0, 0, 0
l1cache812, stateEvent_FlushLineInv_S, , Accumulator, 20067092000, 67, 0, 0, 0, 0, 0
l1cache812, stateEvent_FlushLineInv_M, , Accumulator, 20067092000, 67, 0, 0, 0, 0, 0
l1cache812, stateEvent_FlushLineResp_I, , Accumulator, 20067092000, 67, 0, 0, 0, 0, 0
l1cache812, stateEvent_FlushLineResp_IB, , Accumulator, 20067092000, 67, 0, 0, 0, 0, 0
l1cache812, stateEvent_FlushLineResp_SB, , Accumulator, 20067092000, 67, 0, 0, 0, 0, 0
l1cache812, eventSent_GetS, , Accumulator, 20067092000, 67, 7, 7, 7, 1, 1
l1cache812, eventSent_GetX, , Accumulator, 20067092000, 67, 444, 444, 444, 1, 1
l1cache812, eventSent_GetSX, , Accumulator, 20067092000, 67, 0, 0, 0, 0, 0
l1cache812, eventSent_Write, , Accumulator, 20067092000, 67, 0, 0, 0, 0, 0
l1cache812, eventSent_PutM, , Accumulator, 20067092000, 67, 195, 195, 195, 1, 1
l1cache812, eventSent_NACK, , Accumulator, 20067092000, 67, 0, 0, 0, 0, 0
l1cache812, eventSent_FlushLine, , Accumulator, 20067092000, 67, 0, 0, 0, 0, 0
l1cache812, eventSent_FlushLineInv, , Accumulator, 20067092000, 67, 0, 0, 0, 0, 0
l1cache812, eventSent_FetchResp, , Accumulator, 20067092000, 67, 0, 0, 0, 0, 0
l1cache812, eventSent_FetchXResp, , Accumulator, 20067092000, 67, 0, 0, 0, 0, 0
l1cache812, eventSent_AckInv, , Accumulator, 20067092000, 67, 0, 0, 0, 0, 0
l1cache812, eventSent_GetSResp, , Accumulator, 20067092000, 67, 2885331, 2885331, 2885331, 1, 1
l1cache812, eventSent_GetXResp, , Accumulator, 20067092000, 67, 0, 0, 0, 0, 0
l1cache812, eventSent_WriteResp, , Accumulator, 20067092000, 67, 787906, 787906, 787906, 1, 1
l1cache812, eventSent_FlushLineResp, , Accumulator, 20067092000, 67, 0, 0, 0, 0, 0
l1cache812, eventSent_Put, , Accumulator, 20067092000, 67, 0, 0, 0, 0, 0
l1cache812, eventSent_Get, , Accumulator, 20067092000, 67, 0, 0, 0, 0, 0
l1cache812, eventSent_AckMove, , Accumulator, 20067092000, 67, 0, 0, 0, 0, 0
l1cache812, eventSent_CustomReq, , Accumulator, 20067092000, 67, 0, 0, 0, 0, 0
l1cache812, eventSent_CustomResp, , Accumulator, 20067092000, 67, 0, 0, 0, 0, 0
l1cache812, eventSent_CustomAck, , Accumulator, 20067092000, 67, 0, 0, 0, 0, 0
l1cache812, EventStalledForLockedCacheline, , Accumulator, 20067092000, 67, 0, 0, 0, 0, 0
l1cache812, evict_I, , Accumulator, 20067092000, 67, 256, 256, 256, 1, 1
l1cache812, evict_S, , Accumulator, 20067092000, 67, 0, 0, 0, 0, 0
l1cache812, evict_M, , Accumulator, 20067092000, 67, 195, 195, 195, 1, 1
l1cache812, evict_IS, , Accumulator, 20067092000, 67, 0, 0, 0, 0, 0
l1cache812, evict_IM, , Accumulator, 20067092000, 67, 0, 0, 0, 0, 0
l1cache812, evict_SM, , Accumulator, 20067092000, 67, 0, 0, 0, 0, 0
l1cache812, evict_SB, , Accumulator, 20067092000, 67, 0, 0, 0, 0, 0
l1cache812, latency_GetS_hit, , Accumulator, 20067092000, 67, 15488590, 87113032, 2885324, 5, 261
l1cache812, latency_GetS_miss, , Accumulator, 20067092000, 67, 1514, 327460, 7, 216, 218
l1cache812, latency_GetX_hit, , Accumulator, 20067092000, 67, 3938760, 20005344, 787462, 5, 270
l1cache812, latency_GetX_miss, , Accumulator, 20067092000, 67, 99562, 22447602, 444, 215, 277
l1cache812, latency_GetX_upgrade, , Accumulator, 20067092000, 67, 0, 0, 0, 0, 0
l1cache812, latency_GetSX_hit, , Accumulator, 20067092000, 67, 0, 0, 0, 0, 0
l1cache812, latency_GetSX_miss, , Accumulator, 20067092000, 67, 0, 0, 0, 0, 0
l1cache812, latency_GetSX_upgrade, , Accumulator, 20067092000, 67, 0, 0, 0, 0, 0
l1cache812, latency_FlushLine, , Accumulator, 20067092000, 67, 0, 0, 0, 0, 0
l1cache812, latency_FlushLine_fail, , Accumulator, 20067092000, 67, 0, 0, 0, 0, 0
l1cache812, latency_FlushLineInv, , Accumulator, 20067092000, 67, 0, 0, 0, 0, 0
l1cache812, latency_FlushLineInv_fail, , Accumulator, 20067092000, 67, 0, 0, 0, 0, 0
l1cache812, GetSHit_Arrival, , Accumulator, 20067092000, 67, 2885281, 2885281, 2885281, 1, 1
l1cache812, GetXHit_Arrival, , Accumulator, 20067092000, 67, 787455, 787455, 787455, 1, 1
l1cache812, GetSXHit_Arrival, , Accumulator, 20067092000, 67, 0, 0, 0, 0, 0
l1cache812, GetSHit_Blocked, , Accumulator, 20067092000, 67, 43, 43, 43, 1, 1
l1cache812, GetXHit_Blocked, , Accumulator, 20067092000, 67, 7, 7, 7, 1, 1
l1cache812, GetSXHit_Blocked, , Accumulator, 20067092000, 67, 0, 0, 0, 0, 0
l1cache812, GetSMiss_Arrival, , Accumulator, 20067092000, 67, 7, 7, 7, 1, 1
l1cache812, GetXMiss_Arrival, , Accumulator, 20067092000, 67, 444, 444, 444, 1, 1
l1cache812, GetSXMiss_Arrival, , Accumulator, 20067092000, 67, 0, 0, 0, 0, 0
l1cache812, GetSMiss_Blocked, , Accumulator, 20067092000, 67, 0, 0, 0, 0, 0
l1cache812, GetXMiss_Blocked, , Accumulator, 20067092000, 67, 0, 0, 0, 0, 0
l1cache812, GetSXMiss_Blocked, , Accumulator, 20067092000, 67, 0, 0, 0, 0, 0
l1cache812, CacheHits, , Accumulator, 20067092000, 67, 3672786, 3672786, 3672786, 1, 1
l1cache812, CacheMisses, , Accumulator, 20067092000, 67, 451, 451, 451, 1, 1
l1cache812, stateEvent_AckPut_I, , Accumulator, 20067092000, 67, 0, 0, 0, 0, 0
l1cache812, eventSent_PutS, , Accumulator, 20067092000, 67, 0, 0, 0, 0, 0
l1cache812, eventSent_PutE, , Accumulator, 20067092000, 67, 0, 0, 0, 0, 0
l1cache812, stateEvent_GetS_E, , Accumulator, 20067092000, 67, 524489, 524489, 524489, 1, 1
l1cache812, stateEvent_GetX_E, , Accumulator, 20067092000, 67, 0, 0, 0, 0, 0
l1cache812, stateEvent_GetSX_E, , Accumulator, 20067092000, 67, 0, 0, 0, 0, 0
l1cache812, stateEvent_FlushLine_E, , Accumulator, 20067092000, 67, 0, 0, 0, 0, 0
l1cache812, stateEvent_FlushLineInv_E, , Accumulator, 20067092000, 67, 0, 0, 0, 0, 0
l1cache812, stateEvent_FetchInv_E, , Accumulator, 20067092000, 67, 0, 0, 0, 0, 0
l1cache812, stateEvent_ForceInv_E, , Accumulator, 20067092000, 67, 0, 0, 0, 0, 0
l1cache812, stateEvent_FetchInvX_E, , Accumulator, 20067092000, 67, 0, 0, 0, 0, 0
l1cache812, evict_E, , Accumulator, 20067092000, 67, 0, 0, 0, 0, 0
l1cache812, TotalEventsReceived, , Accumulator, 20067092000, 67, 3673688, 3673688, 3673688, 1, 1
l1cache812, TotalEventsReplayed, , Accumulator, 20067092000, 67, 50, 50, 50, 1, 1
l1cache812, Put_uncache_recv, , Accumulator, 20067092000, 67, 0, 0, 0, 0, 0
l1cache812, Get_uncache_recv, , Accumulator, 20067092000, 67, 0, 0, 0, 0, 0
l1cache812, AckMove_uncache_recv, , Accumulator, 20067092000, 67, 0, 0, 0, 0, 0
l1cache812, GetS_uncache_recv, , Accumulator, 20067092000, 67, 0, 0, 0, 0, 0
l1cache812, Write_uncache_recv, , Accumulator, 20067092000, 67, 0, 0, 0, 0, 0
l1cache812, GetSX_uncache_recv, , Accumulator, 20067092000, 67, 0, 0, 0, 0, 0
l1cache812, GetSResp_uncache_recv, , Accumulator, 20067092000, 67, 0, 0, 0, 0, 0
l1cache812, WriteResp_uncache_recv, , Accumulator, 20067092000, 67, 0, 0, 0, 0, 0
l1cache812, CustomReq_uncache_recv, , Accumulator, 20067092000, 67, 0, 0, 0, 0, 0
l1cache812, CustomResp_uncache_recv, , Accumulator, 20067092000, 67, 0, 0, 0, 0, 0
l1cache812, CustomAck_uncache_recv, , Accumulator, 20067092000, 67, 0, 0, 0, 0, 0
l1cache812, NULLCMD_recv, , Accumulator, 20067092000, 67, 0, 0, 0, 0, 0
l1cache812, GetS_recv, , Accumulator, 20067092000, 67, 2885331, 2885331, 2885331, 1, 1
l1cache812, GetX_recv, , Accumulator, 20067092000, 67, 0, 0, 0, 0, 0
l1cache812, GetSX_recv, , Accumulator, 20067092000, 67, 0, 0, 0, 0, 0
l1cache812, Write_recv, , Accumulator, 20067092000, 67, 787906, 787906, 787906, 1, 1
l1cache812, FlushLine_recv, , Accumulator, 20067092000, 67, 0, 0, 0, 0, 0
l1cache812, FlushLineInv_recv, , Accumulator, 20067092000, 67, 0, 0, 0, 0, 0
l1cache812, GetSResp_recv, , Accumulator, 20067092000, 67, 0, 0, 0, 0, 0
l1cache812, GetXResp_recv, , Accumulator, 20067092000, 67, 451, 451, 451, 1, 1
l1cache812, FlushLineResp_recv, , Accumulator, 20067092000, 67, 0, 0, 0, 0, 0
l1cache812, Inv_recv, , Accumulator, 20067092000, 67, 0, 0, 0, 0, 0
l1cache812, ForceInv_recv, , Accumulator, 20067092000, 67, 0, 0, 0, 0, 0
l1cache812, Fetch_recv, , Accumulator, 20067092000, 67, 0, 0, 0, 0, 0
l1cache812, FetchInv_recv, , Accumulator, 20067092000, 67, 0, 0, 0, 0, 0
l1cache812, FetchInvX_recv, , Accumulator, 20067092000, 67, 0, 0, 0, 0, 0
l1cache812, NACK_recv, , Accumulator, 20067092000, 67, 0, 0, 0, 0, 0
l1cache812, AckPut_recv, , Accumulator, 20067092000, 67, 0, 0, 0, 0, 0
l1cache812, MSHR_occupancy, , Accumulator, 20067092000, 67, 109354, 6078384, 40134184, 0, 64
l1cache812, Bank_conflicts, , Accumulator, 20067092000, 67, 0, 0, 0, 0, 0
memory812, requests_received_GetS, , Accumulator, 20067092000, 67, 7, 7, 7, 1, 1
memory812, requests_received_GetSX, , Accumulator, 20067092000, 67, 0, 0, 0, 0, 0
memory812, requests_received_GetX, , Accumulator, 20067092000, 67, 444, 444, 444, 1, 1
memory812, requests_received_Write, , Accumulator, 20067092000, 67, 0, 0, 0, 0, 0
memory812, requests_received_PutM, , Accumulator, 20067092000, 67, 195, 195, 195, 1, 1
memory812, outstanding_requests, , Accumulator, 20067092000, 67, 135875, 12164225, 40134184, 0, 128
memory812, latency_GetS, , Accumulator, 20067092000, 67, 1416, 286440, 7, 202, 204
memory812, latency_GetSX, , Accumulator, 20067092000, 67, 0, 0, 0, 0, 0
memory812, latency_GetX, , Accumulator, 20067092000, 67, 93346, 19746890, 444, 201, 263
memory812, latency_Write, , Accumulator, 20067092000, 67, 0, 0, 0, 0, 0
memory812, latency_PutM, , Accumulator, 20067092000, 67, 41113, 8723637, 195, 201, 261
memory812, cycles_with_issue, , Accumulator, 20067092000, 67, 646, 646, 646, 1, 1
memory812, cycles_attempted_issue_but_rejected, , Accumulator, 20067092000, 67, 0, 0, 0, 0, 0
memory812, total_cycles, , Accumulator, 20067092000, 67, 40134184, 1610752725345856, 1, 40134184, 40134184
cpu813:memory, ReadInFlight, , Accumulator, 20067092000, 67, 2885331, 2885331, 2885331, 1, 1
cpu813:memory, ReadPending, , Accumulator, 20067092000, 67, 2885331, 2885331, 2885331, 1, 1
cpu813:memory, ReadBytes, , Accumulator, 20067092000, 67, 0, 0, 0, 0, 0
cpu813:memory, WriteInFlight, , Accumulator, 20067092000, 67, 787906, 787906, 787906, 1, 1
cpu813:memory, WritePending, , Accumulator, 20067092000, 67, 787906, 787906, 787906, 1, 1
cpu813:memory, WriteBytes, , Accumulator, 20067092000, 67, 0, 0, 0, 0, 0
cpu813:memory, FlushInFlight, , Accumulator, 20067092000, 67, 0, 0, 0, 0, 0
cpu813:memory, FlushPending, , Accumulator, 20067092000, 67, 0, 0, 0, 0, 0
cpu813:memory, ReadLockInFlight, , Accumulator, 20067092000, 67, 0, 0, 0, 0, 0
cpu813:memory, ReadLockPending, , Accumulator, 20067092000, 67, 0, 0, 0, 0, 0
cpu813:memory, ReadLockBytes, , Accumulator, 20067092000, 67, 0, 0, 0, 0, 0
cpu813:memory, WriteUnlockInFlight, , Accumulator, 20067092000, 67, 0, 0, 0, 0, 0
cpu813:memory, WriteUnlockPending, , Accumulator, 20067092000, 67, 0, 0, 0, 0, 0
cpu813:memory, WriteUnlockBytes, , Accumulator, 20067092000, 67, 0, 0, 0, 0, 0
cpu813:memory, LoadLinkInFlight, , Accumulator, 20067092000, 67, 0, 0, 0, 0, 0
cpu813:memory, LoadLinkPending, , Accumulator, 20067092000, 67, 0, 0, 0, 0, 0
cpu813:memory, StoreCondInFlight, , Accumulator, 20067092000, 67, 0, 0, 0, 0, 0
cpu813:memory, StoreCondPending, , Accumulator, 20067092000, 67, 0, 0, 0, 0, 0
cpu813:memory, CustomInFlight, , Accumulator, 20067092000, 67, 0, 0, 0, 0, 0
cpu813:memory, CustomPending, , Accumulator, 20067092000, 67, 0, 0, 0, 0, 0
cpu813:memory, CustomBytes, , Accumulator, 20067092000, 67, 0, 0, 0, 0, 0
cpu813:memory, FencePending, , Accumulator, 20067092000, 67, 221, 221, 221, 1, 1
cpu813:memory, AMOAddBytes, , Accumulator, 20067092000, 67, 0, 0, 0, 0, 0
cpu813:memory, AMOAddPending, , Accumulator, 20067092000, 67, 0, 0, 0, 0, 0
cpu813:memory, AMOXorBytes, , Accumulator, 20067092000, 67, 0, 0, 0, 0, 0
cpu813:memory, AMOXorPending, , Accumulator, 20067092000, 67, 0, 0, 0, 0, 0
cpu813:memory, AMOAndBytes, , Accumulator, 20067092000, 67, 0, 0, 0, 0, 0
cpu813:memory, AMOAndPending, , Accumulator, 20067092000, 67, 0, 0, 0, 0, 0
cpu813:memory, AMOOrBytes, , Accumulator, 20067092000, 67, 0, 0, 0, 0, 0
cpu813:memory, AMOOrPending, , Accumulator, 20067092000, 67, 0, 0, 0, 0, 0
cpu813:memory, AMOMinBytes, , Accumulator, 20067092000, 67, 0, 0, 0, 0, 0
cpu813:memory, AMOMinPending, , Accumulator, 20067092000, 67, 0, 0, 0, 0, 0
cpu813:memory, AMOMaxBytes, , Accumulator, 20067092000, 67, 0, 0, 0, 0, 0
cpu813:memory, AMOMaxPending, , Accumulator, 20067092000, 67, 0, 0, 0, 0, 0
cpu813:memory, AMOMinuBytes, , Accumulator, 20067092000, 67, 0, 0, 0, 0, 0
cpu813:memory, AMOMinuPending, , Accumulator, 20067092000, 67, 0, 0, 0, 0, 0
cpu813:memory, AMOMaxuBytes, , Accumulator, 20067092000, 67, 0, 0, 0, 0, 0
cpu813:memory, AMOMaxuPending, , Accumulator, 20067092000, 67, 0, 0, 0, 0, 0
cpu813:memory, AMOSwapBytes, , Accumulator, 20067092000, 67, 0, 0, 0, 0, 0
cpu813:memory, AMOSwapPending, , Accumulator, 20067092000, 67, 0, 0, 0, 0, 0
cpu813, TotalCycles, core_0, Accumulator, 20067092000, 67, 40134184, 1610752725345856, 1, 40134184, 40134184
cpu813, CyclesWithIssue, core_0, Accumulator, 20067092000, 67, 10229779, 104648378388841, 1, 10229779, 10229779
cpu813, FloatsRead, core_0, Accumulator, 20067092000, 67, 0, 0, 1, 0, 0
cpu813, FloatsWritten, core_0, Accumulator, 20067092000, 67, 0, 0, 1, 0, 0
cpu813, DoublesRead, core_0, Accumulator, 20067092000, 67, 0, 0, 1, 0, 0
cpu813, DoublesWritten, core_0, Accumulator, 20067092000, 67, 0, 0, 1, 0, 0
cpu813, BytesRead, core_0, Accumulator, 20067092000, 67, 15739732, 247739163431824, 1, 15739732, 15739732
cpu813, BytesWritten, core_0, Accumulator, 20067092000, 67, 4228595, 17881015674025, 1, 4228595, 4228595
cpu813, FloatsExec, core_0, Accumulator, 20067092000, 67, 0, 0, 1, 0, 0
cpu813, TLBHitsPerCore, core_0, Accumulator, 20067092000, 67, 3672717, 13488850162089, 1, 3672717, 3672717
cpu813, TLBMissesPerCore, core_0, Accumulator, 20067092000, 67, 520, 270400, 1, 520, 520
l1cache813, default_stat, , Accumulator, 20067092000, 67, 0, 0, 0, 0, 0
l1cache813, stateEvent_GetS_I, , Accumulator, 20067092000, 67, 7, 7, 7, 1, 1
l1cache813, stateEvent_GetS_S, , Accumulator, 20067092000, 67, 0, 0, 0, 0, 0
l1cache813, stateEvent_GetS_M, , Accumulator, 20067092000, 67, 2360835, 2360835, 2360835, 1, 1
l1cache813, stateEvent_GetX_I, , Accumulator, 20067092000, 67, 444, 444, 444, 1, 1
l1cache813, stateEvent_GetX_S, , Accumulator, 20067092000, 67, 0, 0, 0, 0, 0
l1cache813, stateEvent_GetX_M, , Accumulator, 20067092000, 67, 787462, 787462, 787462, 1, 1
l1cache813, stateEvent_GetSX_I, , Accumulator, 20067092000, 67, 0, 0, 0, 0, 0
l1cache813, stateEvent_GetSX_S, , Accumulator, 20067092000, 67, 0, 0, 0, 0, 0
l1cache813, stateEvent_GetSX_M, , Accumulator, 20067092000, 67, 0, 0, 0, 0, 0
l1cache813, stateEvent_GetSResp_IS, , Accumulator, 20067092000, 67, 0, 0, 0, 0, 0
l1cache813, stateEvent_GetXResp_IS, , Accumulator, 20067092000, 67, 7, 7, 7, 1, 1
l1cache813, stateEvent_GetXResp_IM, , Accumulator, 20067092000, 67, 444, 444, 444, 1, 1
l1cache813, stateEvent_GetXResp_SM, , Accumulator, 20067092000, 67, 0, 0, 0, 0, 0
l1cache813, stateEvent_Inv_I, , Accumulator, 20067092000, 67, 0, 0, 0, 0, 0
l1cache813, stateEvent_Inv_S, , Accumulator, 20067092000, 67, 0, 0, 0, 0, 0
l1cache813, stateEvent_Inv_IS, , Accumulator, 20067092000, 67, 0, 0, 0, 0, 0
l1cache813, stateEvent_Inv_IM, , Accumulator, 20067092000, 67, 0, 0, 0, 0, 0
l1cache813, stateEvent_Inv_SM, , Accumulator, 20067092000, 67, 0, 0, 0, 0, 0
l1cache813, stateEvent_Inv_SB, , Accumulator, 20067092000, 67, 0, 0, 0, 0, 0
l1cache813, stateEvent_Inv_IB, , Accumulator, 20067092000, 67, 0, 0, 0, 0, 0
l1cache813, stateEvent_FetchInvX_I, , Accumulator, 20067092000, 67, 0, 0, 0, 0, 0
l1cache813, stateEvent_FetchInvX_M, , Accumulator, 20067092000, 67, 0, 0, 0, 0, 0
l1cache813, stateEvent_FetchInvX_IS, , Accumulator, 20067092000, 67, 0, 0, 0, 0, 0
l1cache813, stateEvent_FetchInvX_IM, , Accumulator, 20067092000, 67, 0, 0, 0, 0, 0
l1cache813, stateEvent_FetchInvX_SB, , Accumulator, 20067092000, 67, 0, 0, 0, 0, 0
l1cache813, stateEvent_FetchInvX_IB, , Accumulator, 20067092000, 67, 0, 0, 0, 0, 0
l1cache813, stateEvent_Fetch_I, , Accumulator, 20067092000, 67, 0, 0, 0, 0, 0
l1cache813, stateEvent_Fetch_S, , Accumulator, 20067092000, 67, 0, 0, 0, 0, 0
l1cache813, stateEvent_Fetch_IS, , Accumulator, 20067092000, 67, 0, 0, 0, 0, 0
l1cache813, stateEvent_Fetch_IM, , Accumulator, 20067092000, 67, 0, 0, 0, 0, 0
l1cache813, stateEvent_Fetch_SM, , Accumulator, 20067092000, 67, 0, 0, 0, 0, 0
l1cache813, stateEvent_Fetch_IB, , Accumulator, 20067092000, 67, 0, 0, 0, 0, 0
l1cache813, stateEvent_Fetch_SB, , Accumulator, 20067092000, 67, 0, 0, 0, 0, 0
l1cache813, stateEvent_FetchInv_I, , Accumulator, 20067092000, 67, 0, 0, 0, 0, 0
l1cache813, stateEvent_FetchInv_S, , Accumulator, 20067092000, 67, 0, 0, 0, 0, 0
l1cache813, stateEvent_FetchInv_M, , Accumulator, 20067092000, 67, 0, 0, 0, 0, 0
l1cache813, stateEvent_FetchInv_IS, , Accumulator, 20067092000, 67, 0, 0, 0, 0, 0
l1cache813, stateEvent_FetchInv_IM, , Accumulator, 20067092000, 67, 0, 0, 0, 0, 0
l1cache813, stateEvent_FetchInv_SM, , Accumulator, 20067092000, 67, 0, 0, 0, 0, 0
l1cache813, stateEvent_FetchInv_SB, , Accumulator, 20067092000, 67, 0, 0, 0, 0, 0
l1cache813, stateEvent_FetchInv_IB, , Accumulator, 20067092000, 67, 0, 0, 0, 0, 0
l1cache813, stateEvent_ForceInv_I, , Accumulator, 20067092000, 67, 0, 0, 0, 0, 0
l1cache813, stateEvent_ForceInv_S, , Accumulator, 20067092000, 67, 0, 0, 0, 0, 0
l1cache813, stateEvent_ForceInv_M, , Accumulator, 20067092000, 67, 0, 0, 0, 0, 0
l1cache813, stateEvent_ForceInv_IS, , Accumulator, 20067092000, 67, 0, 0, 0, 0, 0
l1cache813, stateEvent_ForceInv_IM, , Accumulator, 20067092000, 67, 0, 0, 0, 0, 0
l1cache813, stateEvent_ForceInv_SM, , Accumulator, 20067092000, 67, 0, 0, 0, 0, 0
l1cache813, stateEvent_ForceInv_SB, , Accumulator, 20067092000, 67, 0, 0, 0, 0, 0
l1cache813, stateEvent_ForceInv_IB, , Accumulator, 20067092000, 67, 0, 0, 0, 0, 0
l1cache813, stateEvent_FlushLine_I, , Accumulator, 20067092000, 67, 0, 0, 0, 0, 0
l1cache813, stateEvent_FlushLine_S, , Accumulator, 20067092000, 67, 0, 0, 0, 0, 0
l1cache813, stateEvent_FlushLine_M, , Accumulator, 20067092000, 67, 0, 0, 0, 0, 0
l1cache813, stateEvent_FlushLineInv_I, , Accumulator, 20067092000, 67, 0, 0, 0, 0, 0
l1cache813, stateEvent_FlushLineInv_S, , Accumulator, 20067092000, 67, 0, 0, 0, 0, 0
l1cache813, stateEvent_FlushLineInv_M, , Accumulator, 20067092000, 67, 0, 0, 0, 0, 0
l1cache813, stateEvent_FlushLineResp_I, , Accumulator, 20067092000, 67, 0, 0, 0, 0, 0
l1cache813, stateEvent_FlushLineResp_IB, , Accumulator, 20067092000, 67, 0, 0, 0, 0, 0
l1cache813, stateEvent_FlushLineResp_SB, , Accumulator, 20067092000, 67, 0, 0, 0, 0, 0
l1cache813, eventSent_GetS, , Accumulator, 20067092000, 67, 7, 7, 7, 1, 1
l1cache813, eventSent_GetX, , Accumulator, 20067092000, 67, 444, 444, 444, 1, 1
l1cache813, eventSent_GetSX, , Accumulator, 20067092000, 67, 0, 0, 0, 0, 0
l1cache813, eventSent_Write, , Accumulator, 20067092000, 67, 0, 0, 0, 0, 0
l1cache813, eventSent_PutM, , Accumulator, 20067092000, 67, 195, 195, 195, 1, 1
l1cache813, eventSent_NACK, , Accumulator, 20067092000, 67, 0, 0, 0, 0, 0
l1cache813, eventSent_FlushLine, , Accumulator, 20067092000, 67, 0, 0, 0, 0, 0
l1cache813, eventSent_FlushLineInv, , Accumulator, 20067092000, 67, 0, 0, 0, 0, 0
l1cache813, eventSent_FetchResp, , Accumulator, 20067092000, 67, 0, 0, 0, 0, 0
l1cache813, eventSent_FetchXResp, , Accumulator, 20067092000, 67, 0, 0, 0, 0, 0
l1cache813, eventSent_AckInv, , Accumulator, 20067092000, 67, 0, 0, 0, 0, 0
l1cache813, eventSent_GetSResp, , Accumulator, 20067092000, 67, 2885331, 2885331, 2885331, 1, 1
l1cache813, eventSent_GetXResp, , Accumulator, 20067092000, 67, 0, 0, 0, 0, 0
l1cache813, eventSent_WriteResp, , Accumulator, 20067092000, 67, 787906, 787906, 787906, 1, 1
l1cache813, eventSent_FlushLineResp, , Accumulator, 20067092000, 67, 0, 0, 0, 0, 0
l1cache813, eventSent_Put, , Accumulator, 20067092000, 67, 0, 0, 0, 0, 0
l1cache813, eventSent_Get, , Accumulator, 20067092000, 67, 0, 0, 0, 0, 0
l1cache813, eventSent_AckMove, , Accumulator, 20067092000, 67, 0, 0, 0, 0, 0
l1cache813, eventSent_CustomReq, , Accumulator, 20067092000, 67, 0, 0, 0, 0, 0
l1cache813, eventSent_CustomResp, , Accumulator, 20067092000, 67, 0, 0, 0, 0, 0
l1cache813, eventSent_CustomAck, , Accumulator, 20067092000, 67, 0, 0, 0, 0, 0
l1cache813, EventStalledForLockedCacheline, , Accumulator, 20067092000, 67, 0, 0, 0, 0, 0
l1cache813, evict_I, , Accumulator, 20067092000, 67, 256, 256, 256, 1, 1
l1cache813, evict_S, , Accumulator, 20067092000, 67, 0, 0, 0, 0, 0
l1cache813, evict_M, , Accumulator, 20067092000, 67, 195, 195, 195, 1, 1
l1cache813, evict_IS, , Accumulator, 20067092000, 67, 0, 0, 0, 0, 0
l1cache813, evict_IM, , Accumulator, 20067092000, 67, 0, 0, 0, 0, 0
l1cache813, evict_SM, , Accumulator, 20067092000, 67, 0, 0, 0, 0, 0
l1cache813, evict_SB, , Accumulator, 20067092000, 67, 0, 0, 0, 0, 0
l1cache813, latency_GetS_hit, , Accumulator, 20067092000, 67, 15488590, 87113032, 2885324, 5, 261
l1cache813, latency_GetS_miss, , Accumulator, 20067092000, 67, 1514, 327460, 7, 216, 218
l1cache813, latency_GetX_hit, , Accumulator, 20067092000, 67, 3938760, 20005344, 787462, 5, 270
l1cache813, latency_GetX_miss, , Accumulator, 20067092000, 67, 99562, 22447602, 444, 215, 277
l1cache813, latency_GetX_upgrade, , Accumulator, 20067092000, 67, 0, 0, 0, 0, 0
l1cache813, latency_GetSX_hit, , Accumulator, 20067092000, 67, 0, 0, 0, 0, 0
l1cache813, latency_GetSX_miss, , Accumulator, 20067092000, 67, 0, 0, 0, 0, 0
l1cache813, latency_GetSX_upgrade, , Accumulator, 20067092000, 67, 0, 0, 0, 0, 0
l1cache813, latency_FlushLine, , Accumulator, 20067092000, 67, 0, 0, 0, 0, 0
l1cache813, latency_FlushLine_fail, , Accumulator, 20067092000, 67, 0, 0, 0, 0, 0
l1cache813, latency_FlushLineInv, , Accumulator, 20067092000, 67, 0, 0, 0, 0, 0
l1cache813, latency_FlushLineInv_fail, , Accumulator, 20067092000, 67, 0, 0, 0, 0, 0
l1cache813, GetSHit_Arrival, , Accumulator, 20067092000, 67, 2885281, 2885281, 2885281, 1, 1
l1cache813, GetXHit_Arrival, , Accumulator, 20067092000, 67, 787455, 787455, 787455, 1, 1
l1cache813, GetSXHit_Arrival, , Accumulator, 20067092000, 67, 0, 0, 0, 0, 0
l1cache813, GetSHit_Blocked, , Accumulator, 20067092000, 67, 43, 43, 43, 1, 1
l1cache813, GetXHit_Blocked, , Accumulator, 20067092000, 67, 7, 7, 7, 1, 1
l1cache813, GetSXHit_Blocked, , Accumulator, 20067092000, 67, 0, 0, 0, 0, 0
l1cache813, GetSMiss_Arrival, , Accumulator, 20067092000, 67, 7, 7, 7, 1, 1
l1cache813, GetXMiss_Arrival, , Accumulator, 20067092000, 67, 444, 444, 444, 1, 1
l1cache813, GetSXMiss_Arrival, , Accumulator, 20067092000, 67, 0, 0, 0, 0, 0
l1cache813, GetSMiss_Blocked, , Accumulator, 20067092000, 67, 0, 0, 0, 0, 0
l1cache813, GetXMiss_Blocked, , Accumulator, 20067092000, 67, 0, 0, 0, 0, 0
l1cache813, GetSXMiss_Blocked, , Accumulator, 20067092000, 67, 0, 0, 0, 0, 0
l1cache813, CacheHits, , Accumulator, 20067092000, 67, 3672786, 3672786, 3672786, 1, 1
l1cache813, CacheMisses, , Accumulator, 20067092000, 67, 451, 451, 451, 1, 1
l1cache813, stateEvent_AckPut_I, , Accumulator, 20067092000, 67, 0, 0, 0, 0, 0
l1cache813, eventSent_PutS, , Accumulator, 20067092000, 67, 0, 0, 0, 0, 0
l1cache813, eventSent_PutE, , Accumulator, 20067092000, 67, 0, 0, 0, 0, 0
l1cache813, stateEvent_GetS_E, , Accumulator, 20067092000, 67, 524489, 524489, 524489, 1, 1
l1cache813, stateEvent_GetX_E, , Accumulator, 20067092000, 67, 0, 0, 0, 0, 0
l1cache813, stateEvent_GetSX_E, , Accumulator, 20067092000, 67, 0, 0, 0, 0, 0
l1cache813, stateEvent_FlushLine_E, , Accumulator, 20067092000, 67, 0, 0, 0, 0, 0
l1cache813, stateEvent_FlushLineInv_E, , Accumulator, 20067092000, 67, 0, 0, 0, 0, 0
l1cache813, stateEvent_FetchInv_E, , Accumulator, 20067092000, 67, 0, 0, 0, 0, 0
l1cache813, stateEvent_ForceInv_E, , Accumulator, 20067092000, 67, 0, 0, 0, 0, 0
l1cache813, stateEvent_FetchInvX_E, , Accumulator, 20067092000, 67, 0, 0, 0, 0, 0
l1cache813, evict_E, , Accumulator, 20067092000, 67, 0, 0, 0, 0, 0
l1cache813, TotalEventsReceived, , Accumulator, 20067092000, 67, 3673688, 3673688, 3673688, 1, 1
l1cache813, TotalEventsReplayed, , Accumulator, 20067092000, 67, 50, 50, 50, 1, 1
l1cache813, Put_uncache_recv, , Accumulator, 20067092000, 67, 0, 0, 0, 0, 0
l1cache813, Get_uncache_recv, , Accumulator, 20067092000, 67, 0, 0, 0, 0, 0
l1cache813, AckMove_uncache_recv, , Accumulator, 20067092000, 67, 0, 0, 0, 0, 0
l1cache813, GetS_uncache_recv, , Accumulator, 20067092000, 67, 0, 0, 0, 0, 0
l1cache813, Write_uncache_recv, , Accumulator, 20067092000, 67, 0, 0, 0, 0, 0
l1cache813, GetSX_uncache_recv, , Accumulator, 20067092000, 67, 0, 0, 0, 0, 0
l1cache813, GetSResp_uncache_recv, , Accumulator, 20067092000, 67, 0, 0, 0, 0, 0
l1cache813, WriteResp_uncache_recv, , Accumulator, 20067092000, 67, 0, 0, 0, 0, 0
l1cache813, CustomReq_uncache_recv, , Accumulator, 20067092000, 67, 0, 0, 0, 0, 0
l1cache813, CustomResp_uncache_recv, , Accumulator, 20067092000, 67, 0, 0, 0, 0, 0
l1cache813, CustomAck_uncache_recv, , Accumulator, 20067092000, 67, 0, 0, 0, 0, 0
l1cache813, NULLCMD_recv, , Accumulator, 20067092000, 67, 0, 0, 0, 0, 0
l1cache813, GetS_recv, , Accumulator, 20067092000, 67, 2885331, 2885331, 2885331, 1, 1
l1cache813, GetX_recv, , Accumulator, 20067092000, 67, 0, 0, 0, 0, 0
l1cache813, GetSX_recv, , Accumulator, 20067092000, 67, 0, 0, 0, 0, 0
l1cache813, Write_recv, , Accumulator, 20067092000, 67, 787906, 787906, 787906, 1, 1
l1cache813, FlushLine_recv, , Accumulator, 20067092000, 67, 0, 0, 0, 0, 0
l1cache813, FlushLineInv_recv, , Accumulator, 20067092000, 67, 0, 0, 0, 0, 0
l1cache813, GetSResp_recv, , Accumulator, 20067092000, 67, 0, 0, 0, 0, 0
l1cache813, GetXResp_recv, , Accumulator, 20067092000, 67, 451, 451, 451, 1, 1
l1cache813, FlushLineResp_recv, , Accumulator, 20067092000, 67, 0, 0, 0, 0, 0
l1cache813, Inv_recv, , Accumulator, 20067092000, 67, 0, 0, 0, 0, 0
l1cache813, ForceInv_recv, , Accumulator, 20067092000, 67, 0, 0, 0, 0, 0
l1cache813, Fetch_recv, , Accumulator, 20067092000, 67, 0, 0, 0, 0, 0
l1cache813, FetchInv_recv, , Accumulator, 20067092000, 67, 0, 0, 0, 0, 0
l1cache813, FetchInvX_recv, , Accumulator, 20067092000, 67, 0, 0, 0, 0, 0
l1cache813, NACK_recv, , Accumulator, 20067092000, 67, 0, 0, 0, 0, 0
l1cache813, AckPut_recv, , Accumulator, 20067092000, 67, 0, 0, 0, 0, 0
l1cache813, MSHR_occupancy, , Accumulator, 20067092000, 67, 109354, 6078384, 40134184, 0, 64
l1cache813, Bank_conflicts, , Accumulator, 20067092000, 67, 0, 0, 0, 0, 0
memory813, requests_received_GetS, , Accumulator, 20067092000, 67, 7, 7, 7, 1, 1
memory813, requests_received_GetSX, , Accumulator, 20067092000, 67, 0, 0, 0, 0, 0
memory813, requests_received_GetX, , Accumulator, 20067092000, 67, 444, 444, 444, 1, 1
memory813, requests_received_Write, , Accumulator, 20067092000, 67, 0, 0, 0, 0, 0
memory813, requests_received_PutM, , Accumulator, 20067092000, 67, 195, 195, 195, 1, 1
memory813, outstanding_requests, , Accumulator, 20067092000, 67, 135875, 12164225, 40134184, 0, 128
memory813, latency_GetS, , Accumulator, 20067092000, 67, 1416, 286440, 7, 202, 204
memory813, latency_GetSX, , Accumulator, 20067092000, 67, 0, 0, 0, 0, 0
memory813, latency_GetX, , Accumulator, 20067092000, 67, 93346, 19746890, 444, 201, 263
memory813, latency_Write, , Accumulator, 20067092000, 67, 0, 0, 0, 0, 0
memory813, latency_PutM, , Accumulator, 20067092000, 67, 41113, 8723637, 195, 201, 261
memory813, cycles_with_issue, , Accumulator, 20067092000, 67, 646, 646, 646, 1, 1
memory813, cycles_attempted_issue_but_rejected, , Accumulator, 20067092000, 67, 0, 0, 0, 0, 0
memory813, total_cycles, , Accumulator, 20067092000, 67, 40134184, 1610752725345856, 1, 40134184, 40134184
cpu814:memory, ReadInFlight, , Accumulator, 20067092000, 67, 2885331, 2885331, 2885331, 1, 1
cpu814:memory, ReadPending, , Accumulator, 20067092000, 67, 2885331, 2885331, 2885331, 1, 1
cpu814:memory, ReadBytes, , Accumulator, 20067092000, 67, 0, 0, 0, 0, 0
cpu814:memory, WriteInFlight, , Accumulator, 20067092000, 67, 787906, 787906, 787906, 1, 1
cpu814:memory, WritePending, , Accumulator, 20067092000, 67, 787906, 787906, 787906, 1, 1
cpu814:memory, WriteBytes, , Accumulator, 20067092000, 67, 0, 0, 0, 0, 0
cpu814:memory, FlushInFlight, , Accumulator, 20067092000, 67, 0, 0, 0, 0, 0
cpu814:memory, FlushPending, , Accumulator, 20067092000, 67, 0, 0, 0, 0, 0
cpu814:memory, ReadLockInFlight, , Accumulator, 20067092000, 67, 0, 0, 0, 0, 0
cpu814:memory, ReadLockPending, , Accumulator, 20067092000, 67, 0, 0, 0, 0, 0
cpu814:memory, ReadLockBytes, , Accumulator, 20067092000, 67, 0, 0, 0, 0, 0
cpu814:memory, WriteUnlockInFlight, , Accumulator, 20067092000, 67, 0, 0, 0, 0, 0
cpu814:memory, WriteUnlockPending, , Accumulator, 20067092000, 67, 0, 0, 0, 0, 0
cpu814:memory, WriteUnlockBytes, , Accumulator, 20067092000, 67, 0, 0, 0, 0, 0
cpu814:memory, LoadLinkInFlight, , Accumulator, 20067092000, 67, 0, 0, 0, 0, 0
cpu814:memory, LoadLinkPending, , Accumulator, 20067092000, 67, 0, 0, 0, 0, 0
cpu814:memory, StoreCondInFlight, , Accumulator, 20067092000, 67, 0, 0, 0, 0, 0
cpu814:memory, StoreCondPending, , Accumulator, 20067092000, 67, 0, 0, 0, 0, 0
cpu814:memory, CustomInFlight, , Accumulator, 20067092000, 67, 0, 0, 0, 0, 0
cpu814:memory, CustomPending, , Accumulator, 20067092000, 67, 0, 0, 0, 0, 0
cpu814:memory, CustomBytes, , Accumulator, 20067092000, 67, 0, 0, 0, 0, 0
cpu814:memory, FencePending, , Accumulator, 20067092000, 67, 221, 221, 221, 1, 1
cpu814:memory, AMOAddBytes, , Accumulator, 20067092000, 67, 0, 0, 0, 0, 0
cpu814:memory, AMOAddPending, , Accumulator, 20067092000, 67, 0, 0, 0, 0, 0
cpu814:memory, AMOXorBytes, , Accumulator, 20067092000, 67, 0, 0, 0, 0, 0
cpu814:memory, AMOXorPending, , Accumulator, 20067092000, 67, 0, 0, 0, 0, 0
cpu814:memory, AMOAndBytes, , Accumulator, 20067092000, 67, 0, 0, 0, 0, 0
cpu814:memory, AMOAndPending, , Accumulator, 20067092000, 67, 0, 0, 0, 0, 0
cpu814:memory, AMOOrBytes, , Accumulator, 20067092000, 67, 0, 0, 0, 0, 0
cpu814:memory, AMOOrPending, , Accumulator, 20067092000, 67, 0, 0, 0, 0, 0
cpu814:memory, AMOMinBytes, , Accumulator, 20067092000, 67, 0, 0, 0, 0, 0
cpu814:memory, AMOMinPending, , Accumulator, 20067092000, 67, 0, 0, 0, 0, 0
cpu814:memory, AMOMaxBytes, , Accumulator, 20067092000, 67, 0, 0, 0, 0, 0
cpu814:memory, AMOMaxPending, , Accumulator, 20067092000, 67, 0, 0, 0, 0, 0
cpu814:memory, AMOMinuBytes, , Accumulator, 20067092000, 67, 0, 0, 0, 0, 0
cpu814:memory, AMOMinuPending, , Accumulator, 20067092000, 67, 0, 0, 0, 0, 0
cpu814:memory, AMOMaxuBytes, , Accumulator, 20067092000, 67, 0, 0, 0, 0, 0
cpu814:memory, AMOMaxuPending, , Accumulator, 20067092000, 67, 0, 0, 0, 0, 0
cpu814:memory, AMOSwapBytes, , Accumulator, 20067092000, 67, 0, 0, 0, 0, 0
cpu814:memory, AMOSwapPending, , Accumulator, 20067092000, 67, 0, 0, 0, 0, 0
cpu814, TotalCycles, core_0, Accumulator, 20067092000, 67, 40134184, 1610752725345856, 1, 40134184, 40134184
cpu814, CyclesWithIssue, core_0, Accumulator, 20067092000, 67, 10229779, 104648378388841, 1, 10229779, 10229779
cpu814, FloatsRead, core_0, Accumulator, 20067092000, 67, 0, 0, 1, 0, 0
cpu814, FloatsWritten, core_0, Accumulator, 20067092000, 67, 0, 0, 1, 0, 0
cpu814, DoublesRead, core_0, Accumulator, 20067092000, 67, 0, 0, 1, 0, 0
cpu814, DoublesWritten, core_0, Accumulator, 20067092000, 67, 0, 0, 1, 0, 0
cpu814, BytesRead, core_0, Accumulator, 20067092000, 67, 15739732, 247739163431824, 1, 15739732, 15739732
cpu814, BytesWritten, core_0, Accumulator, 20067092000, 67, 4228595, 17881015674025, 1, 4228595, 4228595
cpu814, FloatsExec, core_0, Accumulator, 20067092000, 67, 0, 0, 1, 0, 0
cpu814, TLBHitsPerCore, core_0, Accumulator, 20067092000, 67, 3672717, 13488850162089, 1, 3672717, 3672717
cpu814, TLBMissesPerCore, core_0, Accumulator, 20067092000, 67, 520, 270400, 1, 520, 520
l1cache814, default_stat, , Accumulator, 20067092000, 67, 0, 0, 0, 0, 0
l1cache814, stateEvent_GetS_I, , Accumulator, 20067092000, 67, 7, 7, 7, 1, 1
l1cache814, stateEvent_GetS_S, , Accumulator, 20067092000, 67, 0, 0, 0, 0, 0
l1cache814, stateEvent_GetS_M, , Accumulator, 20067092000, 67, 2360835, 2360835, 2360835, 1, 1
l1cache814, stateEvent_GetX_I, , Accumulator, 20067092000, 67, 444, 444, 444, 1, 1
l1cache814, stateEvent_GetX_S, , Accumulator, 20067092000, 67, 0, 0, 0, 0, 0
l1cache814, stateEvent_GetX_M, , Accumulator, 20067092000, 67, 787462, 787462, 787462, 1, 1
l1cache814, stateEvent_GetSX_I, , Accumulator, 20067092000, 67, 0, 0, 0, 0, 0
l1cache814, stateEvent_GetSX_S, , Accumulator, 20067092000, 67, 0, 0, 0, 0, 0
l1cache814, stateEvent_GetSX_M, , Accumulator, 20067092000, 67, 0, 0, 0, 0, 0
l1cache814, stateEvent_GetSResp_IS, , Accumulator, 20067092000, 67, 0, 0, 0, 0, 0
l1cache814, stateEvent_GetXResp_IS, , Accumulator, 20067092000, 67, 7, 7, 7, 1, 1
l1cache814, stateEvent_GetXResp_IM, , Accumulator, 20067092000, 67, 444, 444, 444, 1, 1
l1cache814, stateEvent_GetXResp_SM, , Accumulator, 20067092000, 67, 0, 0, 0, 0, 0
l1cache814, stateEvent_Inv_I, , Accumulator, 20067092000, 67, 0, 0, 0, 0, 0
l1cache814, stateEvent_Inv_S, , Accumulator, 20067092000, 67, 0, 0, 0, 0, 0
l1cache814, stateEvent_Inv_IS, , Accumulator, 20067092000, 67, 0, 0, 0, 0, 0
l1cache814, stateEvent_Inv_IM, , Accumulator, 20067092000, 67, 0, 0, 0, 0, 0
l1cache814, stateEvent_Inv_SM, , Accumulator, 20067092000, 67, 0, 0, 0, 0, 0
l1cache814, stateEvent_Inv_SB, , Accumulator, 20067092000, 67, 0, 0, 0, 0, 0
l1cache814, stateEvent_Inv_IB, , Accumulator, 20067092000, 67, 0, 0, 0, 0, 0
l1cache814, stateEvent_FetchInvX_I, , Accumulator, 20067092000, 67, 0, 0, 0, 0, 0
l1cache814, stateEvent_FetchInvX_M, , Accumulator, 20067092000, 67, 0, 0, 0, 0, 0
l1cache814, stateEvent_FetchInvX_IS, , Accumulator, 20067092000, 67, 0, 0, 0, 0, 0
l1cache814, stateEvent_FetchInvX_IM, , Accumulator, 20067092000, 67, 0, 0, 0, 0, 0
l1cache814, stateEvent_FetchInvX_SB, , Accumulator, 20067092000, 67, 0, 0, 0, 0, 0
l1cache814, stateEvent_FetchInvX_IB, , Accumulator, 20067092000, 67, 0, 0, 0, 0, 0
l1cache814, stateEvent_Fetch_I, , Accumulator, 20067092000, 67, 0, 0, 0, 0, 0
l1cache814, stateEvent_Fetch_S, , Accumulator, 20067092000, 67, 0, 0, 0, 0, 0
l1cache814, stateEvent_Fetch_IS, , Accumulator, 20067092000, 67, 0, 0, 0, 0, 0
l1cache814, stateEvent_Fetch_IM, , Accumulator, 20067092000, 67, 0, 0, 0, 0, 0
l1cache814, stateEvent_Fetch_SM, , Accumulator, 20067092000, 67, 0, 0, 0, 0, 0
l1cache814, stateEvent_Fetch_IB, , Accumulator, 20067092000, 67, 0, 0, 0, 0, 0
l1cache814, stateEvent_Fetch_SB, , Accumulator, 20067092000, 67, 0, 0, 0, 0, 0
l1cache814, stateEvent_FetchInv_I, , Accumulator, 20067092000, 67, 0, 0, 0, 0, 0
l1cache814, stateEvent_FetchInv_S, , Accumulator, 20067092000, 67, 0, 0, 0, 0, 0
l1cache814, stateEvent_FetchInv_M, , Accumulator, 20067092000, 67, 0, 0, 0, 0, 0
l1cache814, stateEvent_FetchInv_IS, , Accumulator, 20067092000, 67, 0, 0, 0, 0, 0
l1cache814, stateEvent_FetchInv_IM, , Accumulator, 20067092000, 67, 0, 0, 0, 0, 0
l1cache814, stateEvent_FetchInv_SM, , Accumulator, 20067092000, 67, 0, 0, 0, 0, 0
l1cache814, stateEvent_FetchInv_SB, , Accumulator, 20067092000, 67, 0, 0, 0, 0, 0
l1cache814, stateEvent_FetchInv_IB, , Accumulator, 20067092000, 67, 0, 0, 0, 0, 0
l1cache814, stateEvent_ForceInv_I, , Accumulator, 20067092000, 67, 0, 0, 0, 0, 0
l1cache814, stateEvent_ForceInv_S, , Accumulator, 20067092000, 67, 0, 0, 0, 0, 0
l1cache814, stateEvent_ForceInv_M, , Accumulator, 20067092000, 67, 0, 0, 0, 0, 0
l1cache814, stateEvent_ForceInv_IS, , Accumulator, 20067092000, 67, 0, 0, 0, 0, 0
l1cache814, stateEvent_ForceInv_IM, , Accumulator, 20067092000, 67, 0, 0, 0, 0, 0
l1cache814, stateEvent_ForceInv_SM, , Accumulator, 20067092000, 67, 0, 0, 0, 0, 0
l1cache814, stateEvent_ForceInv_SB, , Accumulator, 20067092000, 67, 0, 0, 0, 0, 0
l1cache814, stateEvent_ForceInv_IB, , Accumulator, 20067092000, 67, 0, 0, 0, 0, 0
l1cache814, stateEvent_FlushLine_I, , Accumulator, 20067092000, 67, 0, 0, 0, 0, 0
l1cache814, stateEvent_FlushLine_S, , Accumulator, 20067092000, 67, 0, 0, 0, 0, 0
l1cache814, stateEvent_FlushLine_M, , Accumulator, 20067092000, 67, 0, 0, 0, 0, 0
l1cache814, stateEvent_FlushLineInv_I, , Accumulator, 20067092000, 67, 0, 0, 0, 0, 0
l1cache814, stateEvent_FlushLineInv_S, , Accumulator, 20067092000, 67, 0, 0, 0, 0, 0
l1cache814, stateEvent_FlushLineInv_M, , Accumulator, 20067092000, 67, 0, 0, 0, 0, 0
l1cache814, stateEvent_FlushLineResp_I, , Accumulator, 20067092000, 67, 0, 0, 0, 0, 0
l1cache814, stateEvent_FlushLineResp_IB, , Accumulator, 20067092000, 67, 0, 0, 0, 0, 0
l1cache814, stateEvent_FlushLineResp_SB, , Accumulator, 20067092000, 67, 0, 0, 0, 0, 0
l1cache814, eventSent_GetS, , Accumulator, 20067092000, 67, 7, 7, 7, 1, 1
l1cache814, eventSent_GetX, , Accumulator, 20067092000, 67, 444, 444, 444, 1, 1
l1cache814, eventSent_GetSX, , Accumulator, 20067092000, 67, 0, 0, 0, 0, 0
l1cache814, eventSent_Write, , Accumulator, 20067092000, 67, 0, 0, 0, 0, 0
l1cache814, eventSent_PutM, , Accumulator, 20067092000, 67, 195, 195, 195, 1, 1
l1cache814, eventSent_NACK, , Accumulator, 20067092000, 67, 0, 0, 0, 0, 0
l1cache814, eventSent_FlushLine, , Accumulator, 20067092000, 67, 0, 0, 0, 0, 0
l1cache814, eventSent_FlushLineInv, , Accumulator, 20067092000, 67, 0, 0, 0, 0, 0
l1cache814, eventSent_FetchResp, , Accumulator, 20067092000, 67, 0, 0, 0, 0, 0
l1cache814, eventSent_FetchXResp, , Accumulator, 20067092000, 67, 0, 0, 0, 0, 0
l1cache814, eventSent_AckInv, , Accumulator, 20067092000, 67, 0, 0, 0, 0, 0
l1cache814, eventSent_GetSResp, , Accumulator, 20067092000, 67, 2885331, 2885331, 2885331, 1, 1
l1cache814, eventSent_GetXResp, , Accumulator, 20067092000, 67, 0, 0, 0, 0, 0
l1cache814, eventSent_WriteResp, , Accumulator, 20067092000, 67, 787906, 787906, 787906, 1, 1
l1cache814, eventSent_FlushLineResp, , Accumulator, 20067092000, 67, 0, 0, 0, 0, 0
l1cache814, eventSent_Put, , Accumulator, 20067092000, 67, 0, 0, 0, 0, 0
l1cache814, eventSent_Get, , Accumulator, 20067092000, 67, 0, 0, 0, 0, 0
l1cache814, eventSent_AckMove, , Accumulator, 20067092000, 67, 0, 0, 0, 0, 0
l1cache814, eventSent_CustomReq, , Accumulator, 20067092000, 67, 0, 0, 0, 0, 0
l1cache814, eventSent_CustomResp, , Accumulator, 20067092000, 67, 0, 0, 0, 0, 0
l1cache814, eventSent_CustomAck, , Accumulator, 20067092000, 67, 0, 0, 0, 0, 0
l1cache814, EventStalledForLockedCacheline, , Accumulator, 20067092000, 67, 0, 0, 0, 0, 0
l1cache814, evict_I, , Accumulator, 20067092000, 67, 256, 256, 256, 1, 1
l1cache814, evict_S, , Accumulator, 20067092000, 67, 0, 0, 0, 0, 0
l1cache814, evict_M, , Accumulator, 20067092000, 67, 195, 195, 195, 1, 1
l1cache814, evict_IS, , Accumulator, 20067092000, 67, 0, 0, 0, 0, 0
l1cache814, evict_IM, , Accumulator, 20067092000, 67, 0, 0, 0, 0, 0
l1cache814, evict_SM, , Accumulator, 20067092000, 67, 0, 0, 0, 0, 0
l1cache814, evict_SB, , Accumulator, 20067092000, 67, 0, 0, 0, 0, 0
l1cache814, latency_GetS_hit, , Accumulator, 20067092000, 67, 15488590, 87113032, 2885324, 5, 261
l1cache814, latency_GetS_miss, , Accumulator, 20067092000, 67, 1514, 327460, 7, 216, 218
l1cache814, latency_GetX_hit, , Accumulator, 20067092000, 67, 3938760, 20005344, 787462, 5, 270
l1cache814, latency_GetX_miss, , Accumulator, 20067092000, 67, 99562, 22447602, 444, 215, 277
l1cache814, latency_GetX_upgrade, , Accumulator, 20067092000, 67, 0, 0, 0, 0, 0
l1cache814, latency_GetSX_hit, , Accumulator, 20067092000, 67, 0, 0, 0, 0, 0
l1cache814, latency_GetSX_miss, , Accumulator, 20067092000, 67, 0, 0, 0, 0, 0
l1cache814, latency_GetSX_upgrade, , Accumulator, 20067092000, 67, 0, 0, 0, 0, 0
l1cache814, latency_FlushLine, , Accumulator, 20067092000, 67, 0, 0, 0, 0, 0
l1cache814, latency_FlushLine_fail, , Accumulator, 20067092000, 67, 0, 0, 0, 0, 0
l1cache814, latency_FlushLineInv, , Accumulator, 20067092000, 67, 0, 0, 0, 0, 0
l1cache814, latency_FlushLineInv_fail, , Accumulator, 20067092000, 67, 0, 0, 0, 0, 0
l1cache814, GetSHit_Arrival, , Accumulator, 20067092000, 67, 2885281, 2885281, 2885281, 1, 1
l1cache814, GetXHit_Arrival, , Accumulator, 20067092000, 67, 787455, 787455, 787455, 1, 1
l1cache814, GetSXHit_Arrival, , Accumulator, 20067092000, 67, 0, 0, 0, 0, 0
l1cache814, GetSHit_Blocked, , Accumulator, 20067092000, 67, 43, 43, 43, 1, 1
l1cache814, GetXHit_Blocked, , Accumulator, 20067092000, 67, 7, 7, 7, 1, 1
l1cache814, GetSXHit_Blocked, , Accumulator, 20067092000, 67, 0, 0, 0, 0, 0
l1cache814, GetSMiss_Arrival, , Accumulator, 20067092000, 67, 7, 7, 7, 1, 1
l1cache814, GetXMiss_Arrival, , Accumulator, 20067092000, 67, 444, 444, 444, 1, 1
l1cache814, GetSXMiss_Arrival, , Accumulator, 20067092000, 67, 0, 0, 0, 0, 0
l1cache814, GetSMiss_Blocked, , Accumulator, 20067092000, 67, 0, 0, 0, 0, 0
l1cache814, GetXMiss_Blocked, , Accumulator, 20067092000, 67, 0, 0, 0, 0, 0
l1cache814, GetSXMiss_Blocked, , Accumulator, 20067092000, 67, 0, 0, 0, 0, 0
l1cache814, CacheHits, , Accumulator, 20067092000, 67, 3672786, 3672786, 3672786, 1, 1
l1cache814, CacheMisses, , Accumulator, 20067092000, 67, 451, 451, 451, 1, 1
l1cache814, stateEvent_AckPut_I, , Accumulator, 20067092000, 67, 0, 0, 0, 0, 0
l1cache814, eventSent_PutS, , Accumulator, 20067092000, 67, 0, 0, 0, 0, 0
l1cache814, eventSent_PutE, , Accumulator, 20067092000, 67, 0, 0, 0, 0, 0
l1cache814, stateEvent_GetS_E, , Accumulator, 20067092000, 67, 524489, 524489, 524489, 1, 1
l1cache814, stateEvent_GetX_E, , Accumulator, 20067092000, 67, 0, 0, 0, 0, 0
l1cache814, stateEvent_GetSX_E, , Accumulator, 20067092000, 67, 0, 0, 0, 0, 0
l1cache814, stateEvent_FlushLine_E, , Accumulator, 20067092000, 67, 0, 0, 0, 0, 0
l1cache814, stateEvent_FlushLineInv_E, , Accumulator, 20067092000, 67, 0, 0, 0, 0, 0
l1cache814, stateEvent_FetchInv_E, , Accumulator, 20067092000, 67, 0, 0, 0, 0, 0
l1cache814, stateEvent_ForceInv_E, , Accumulator, 20067092000, 67, 0, 0, 0, 0, 0
l1cache814, stateEvent_FetchInvX_E, , Accumulator, 20067092000, 67, 0, 0, 0, 0, 0
l1cache814, evict_E, , Accumulator, 20067092000, 67, 0, 0, 0, 0, 0
l1cache814, TotalEventsReceived, , Accumulator, 20067092000, 67, 3673688, 3673688, 3673688, 1, 1
l1cache814, TotalEventsReplayed, , Accumulator, 20067092000, 67, 50, 50, 50, 1, 1
l1cache814, Put_uncache_recv, , Accumulator, 20067092000, 67, 0, 0, 0, 0, 0
l1cache814, Get_uncache_recv, , Accumulator, 20067092000, 67, 0, 0, 0, 0, 0
l1cache814, AckMove_uncache_recv, , Accumulator, 20067092000, 67, 0, 0, 0, 0, 0
l1cache814, GetS_uncache_recv, , Accumulator, 20067092000, 67, 0, 0, 0, 0, 0
l1cache814, Write_uncache_recv, , Accumulator, 20067092000, 67, 0, 0, 0, 0, 0
l1cache814, GetSX_uncache_recv, , Accumulator, 20067092000, 67, 0, 0, 0, 0, 0
l1cache814, GetSResp_uncache_recv, , Accumulator, 20067092000, 67, 0, 0, 0, 0, 0
l1cache814, WriteResp_uncache_recv, , Accumulator, 20067092000, 67, 0, 0, 0, 0, 0
l1cache814, CustomReq_uncache_recv, , Accumulator, 20067092000, 67, 0, 0, 0, 0, 0
l1cache814, CustomResp_uncache_recv, , Accumulator, 20067092000, 67, 0, 0, 0, 0, 0
l1cache814, CustomAck_uncache_recv, , Accumulator, 20067092000, 67, 0, 0, 0, 0, 0
l1cache814, NULLCMD_recv, , Accumulator, 20067092000, 67, 0, 0, 0, 0, 0
l1cache814, GetS_recv, , Accumulator, 20067092000, 67, 2885331, 2885331, 2885331, 1, 1
l1cache814, GetX_recv, , Accumulator, 20067092000, 67, 0, 0, 0, 0, 0
l1cache814, GetSX_recv, , Accumulator, 20067092000, 67, 0, 0, 0, 0, 0
l1cache814, Write_recv, , Accumulator, 20067092000, 67, 787906, 787906, 787906, 1, 1
l1cache814, FlushLine_recv, , Accumulator, 20067092000, 67, 0, 0, 0, 0, 0
l1cache814, FlushLineInv_recv, , Accumulator, 20067092000, 67, 0, 0, 0, 0, 0
l1cache814, GetSResp_recv, , Accumulator, 20067092000, 67, 0, 0, 0, 0, 0
l1cache814, GetXResp_recv, , Accumulator, 20067092000, 67, 451, 451, 451, 1, 1
l1cache814, FlushLineResp_recv, , Accumulator, 20067092000, 67, 0, 0, 0, 0, 0
l1cache814, Inv_recv, , Accumulator, 20067092000, 67, 0, 0, 0, 0, 0
l1cache814, ForceInv_recv, , Accumulator, 20067092000, 67, 0, 0, 0, 0, 0
l1cache814, Fetch_recv, , Accumulator, 20067092000, 67, 0, 0, 0, 0, 0
l1cache814, FetchInv_recv, , Accumulator, 20067092000, 67, 0, 0, 0, 0, 0
l1cache814, FetchInvX_recv, , Accumulator, 20067092000, 67, 0, 0, 0, 0, 0
l1cache814, NACK_recv, , Accumulator, 20067092000, 67, 0, 0, 0, 0, 0
l1cache814, AckPut_recv, , Accumulator, 20067092000, 67, 0, 0, 0, 0, 0
l1cache814, MSHR_occupancy, , Accumulator, 20067092000, 67, 109354, 6078384, 40134184, 0, 64
l1cache814, Bank_conflicts, , Accumulator, 20067092000, 67, 0, 0, 0, 0, 0
memory814, requests_received_GetS, , Accumulator, 20067092000, 67, 7, 7, 7, 1, 1
memory814, requests_received_GetSX, , Accumulator, 20067092000, 67, 0, 0, 0, 0, 0
memory814, requests_received_GetX, , Accumulator, 20067092000, 67, 444, 444, 444, 1, 1
memory814, requests_received_Write, , Accumulator, 20067092000, 67, 0, 0, 0, 0, 0
memory814, requests_received_PutM, , Accumulator, 20067092000, 67, 195, 195, 195, 1, 1
memory814, outstanding_requests, , Accumulator, 20067092000, 67, 135875, 12164225, 40134184, 0, 128
memory814, latency_GetS, , Accumulator, 20067092000, 67, 1416, 286440, 7, 202, 204
memory814, latency_GetSX, , Accumulator, 20067092000, 67, 0, 0, 0, 0, 0
memory814, latency_GetX, , Accumulator, 20067092000, 67, 93346, 19746890, 444, 201, 263
memory814, latency_Write, , Accumulator, 20067092000, 67, 0, 0, 0, 0, 0
memory814, latency_PutM, , Accumulator, 20067092000, 67, 41113, 8723637, 195, 201, 261
memory814, cycles_with_issue, , Accumulator, 20067092000, 67, 646, 646, 646, 1, 1
memory814, cycles_attempted_issue_but_rejected, , Accumulator, 20067092000, 67, 0, 0, 0, 0, 0
memory814, total_cycles, , Accumulator, 20067092000, 67, 40134184, 1610752725345856, 1, 40134184, 40134184
cpu815:memory, ReadInFlight, , Accumulator, 20067092000, 67, 2885331, 2885331, 2885331, 1, 1
cpu815:memory, ReadPending, , Accumulator, 20067092000, 67, 2885331, 2885331, 2885331, 1, 1
cpu815:memory, ReadBytes, , Accumulator, 20067092000, 67, 0, 0, 0, 0, 0
cpu815:memory, WriteInFlight, , Accumulator, 20067092000, 67, 787906, 787906, 787906, 1, 1
cpu815:memory, WritePending, , Accumulator, 20067092000, 67, 787906, 787906, 787906, 1, 1
cpu815:memory, WriteBytes, , Accumulator, 20067092000, 67, 0, 0, 0, 0, 0
cpu815:memory, FlushInFlight, , Accumulator, 20067092000, 67, 0, 0, 0, 0, 0
cpu815:memory, FlushPending, , Accumulator, 20067092000, 67, 0, 0, 0, 0, 0
cpu815:memory, ReadLockInFlight, , Accumulator, 20067092000, 67, 0, 0, 0, 0, 0
cpu815:memory, ReadLockPending, , Accumulator, 20067092000, 67, 0, 0, 0, 0, 0
cpu815:memory, ReadLockBytes, , Accumulator, 20067092000, 67, 0, 0, 0, 0, 0
cpu815:memory, WriteUnlockInFlight, , Accumulator, 20067092000, 67, 0, 0, 0, 0, 0
cpu815:memory, WriteUnlockPending, , Accumulator, 20067092000, 67, 0, 0, 0, 0, 0
cpu815:memory, WriteUnlockBytes, , Accumulator, 20067092000, 67, 0, 0, 0, 0, 0
cpu815:memory, LoadLinkInFlight, , Accumulator, 20067092000, 67, 0, 0, 0, 0, 0
cpu815:memory, LoadLinkPending, , Accumulator, 20067092000, 67, 0, 0, 0, 0, 0
cpu815:memory, StoreCondInFlight, , Accumulator, 20067092000, 67, 0, 0, 0, 0, 0
cpu815:memory, StoreCondPending, , Accumulator, 20067092000, 67, 0, 0, 0, 0, 0
cpu815:memory, CustomInFlight, , Accumulator, 20067092000, 67, 0, 0, 0, 0, 0
cpu815:memory, CustomPending, , Accumulator, 20067092000, 67, 0, 0, 0, 0, 0
cpu815:memory, CustomBytes, , Accumulator, 20067092000, 67, 0, 0, 0, 0, 0
cpu815:memory, FencePending, , Accumulator, 20067092000, 67, 221, 221, 221, 1, 1
cpu815:memory, AMOAddBytes, , Accumulator, 20067092000, 67, 0, 0, 0, 0, 0
cpu815:memory, AMOAddPending, , Accumulator, 20067092000, 67, 0, 0, 0, 0, 0
cpu815:memory, AMOXorBytes, , Accumulator, 20067092000, 67, 0, 0, 0, 0, 0
cpu815:memory, AMOXorPending, , Accumulator, 20067092000, 67, 0, 0, 0, 0, 0
cpu815:memory, AMOAndBytes, , Accumulator, 20067092000, 67, 0, 0, 0, 0, 0
cpu815:memory, AMOAndPending, , Accumulator, 20067092000, 67, 0, 0, 0, 0, 0
cpu815:memory, AMOOrBytes, , Accumulator, 20067092000, 67, 0, 0, 0, 0, 0
cpu815:memory, AMOOrPending, , Accumulator, 20067092000, 67, 0, 0, 0, 0, 0
cpu815:memory, AMOMinBytes, , Accumulator, 20067092000, 67, 0, 0, 0, 0, 0
cpu815:memory, AMOMinPending, , Accumulator, 20067092000, 67, 0, 0, 0, 0, 0
cpu815:memory, AMOMaxBytes, , Accumulator, 20067092000, 67, 0, 0, 0, 0, 0
cpu815:memory, AMOMaxPending, , Accumulator, 20067092000, 67, 0, 0, 0, 0, 0
cpu815:memory, AMOMinuBytes, , Accumulator, 20067092000, 67, 0, 0, 0, 0, 0
cpu815:memory, AMOMinuPending, , Accumulator, 20067092000, 67, 0, 0, 0, 0, 0
cpu815:memory, AMOMaxuBytes, , Accumulator, 20067092000, 67, 0, 0, 0, 0, 0
cpu815:memory, AMOMaxuPending, , Accumulator, 20067092000, 67, 0, 0, 0, 0, 0
cpu815:memory, AMOSwapBytes, , Accumulator, 20067092000, 67, 0, 0, 0, 0, 0
cpu815:memory, AMOSwapPending, , Accumulator, 20067092000, 67, 0, 0, 0, 0, 0
cpu815, TotalCycles, core_0, Accumulator, 20067092000, 67, 40134184, 1610752725345856, 1, 40134184, 40134184
cpu815, CyclesWithIssue, core_0, Accumulator, 20067092000, 67, 10229779, 104648378388841, 1, 10229779, 10229779
cpu815, FloatsRead, core_0, Accumulator, 20067092000, 67, 0, 0, 1, 0, 0
cpu815, FloatsWritten, core_0, Accumulator, 20067092000, 67, 0, 0, 1, 0, 0
cpu815, DoublesRead, core_0, Accumulator, 20067092000, 67, 0, 0, 1, 0, 0
cpu815, DoublesWritten, core_0, Accumulator, 20067092000, 67, 0, 0, 1, 0, 0
cpu815, BytesRead, core_0, Accumulator, 20067092000, 67, 15739732, 247739163431824, 1, 15739732, 15739732
cpu815, BytesWritten, core_0, Accumulator, 20067092000, 67, 4228595, 17881015674025, 1, 4228595, 4228595
cpu815, FloatsExec, core_0, Accumulator, 20067092000, 67, 0, 0, 1, 0, 0
cpu815, TLBHitsPerCore, core_0, Accumulator, 20067092000, 67, 3672717, 13488850162089, 1, 3672717, 3672717
cpu815, TLBMissesPerCore, core_0, Accumulator, 20067092000, 67, 520, 270400, 1, 520, 520
l1cache815, default_stat, , Accumulator, 20067092000, 67, 0, 0, 0, 0, 0
l1cache815, stateEvent_GetS_I, , Accumulator, 20067092000, 67, 7, 7, 7, 1, 1
l1cache815, stateEvent_GetS_S, , Accumulator, 20067092000, 67, 0, 0, 0, 0, 0
l1cache815, stateEvent_GetS_M, , Accumulator, 20067092000, 67, 2360835, 2360835, 2360835, 1, 1
l1cache815, stateEvent_GetX_I, , Accumulator, 20067092000, 67, 444, 444, 444, 1, 1
l1cache815, stateEvent_GetX_S, , Accumulator, 20067092000, 67, 0, 0, 0, 0, 0
l1cache815, stateEvent_GetX_M, , Accumulator, 20067092000, 67, 787462, 787462, 787462, 1, 1
l1cache815, stateEvent_GetSX_I, , Accumulator, 20067092000, 67, 0, 0, 0, 0, 0
l1cache815, stateEvent_GetSX_S, , Accumulator, 20067092000, 67, 0, 0, 0, 0, 0
l1cache815, stateEvent_GetSX_M, , Accumulator, 20067092000, 67, 0, 0, 0, 0, 0
l1cache815, stateEvent_GetSResp_IS, , Accumulator, 20067092000, 67, 0, 0, 0, 0, 0
l1cache815, stateEvent_GetXResp_IS, , Accumulator, 20067092000, 67, 7, 7, 7, 1, 1
l1cache815, stateEvent_GetXResp_IM, , Accumulator, 20067092000, 67, 444, 444, 444, 1, 1
l1cache815, stateEvent_GetXResp_SM, , Accumulator, 20067092000, 67, 0, 0, 0, 0, 0
l1cache815, stateEvent_Inv_I, , Accumulator, 20067092000, 67, 0, 0, 0, 0, 0
l1cache815, stateEvent_Inv_S, , Accumulator, 20067092000, 67, 0, 0, 0, 0, 0
l1cache815, stateEvent_Inv_IS, , Accumulator, 20067092000, 67, 0, 0, 0, 0, 0
l1cache815, stateEvent_Inv_IM, , Accumulator, 20067092000, 67, 0, 0, 0, 0, 0
l1cache815, stateEvent_Inv_SM, , Accumulator, 20067092000, 67, 0, 0, 0, 0, 0
l1cache815, stateEvent_Inv_SB, , Accumulator, 20067092000, 67, 0, 0, 0, 0, 0
l1cache815, stateEvent_Inv_IB, , Accumulator, 20067092000, 67, 0, 0, 0, 0, 0
l1cache815, stateEvent_FetchInvX_I, , Accumulator, 20067092000, 67, 0, 0, 0, 0, 0
l1cache815, stateEvent_FetchInvX_M, , Accumulator, 20067092000, 67, 0, 0, 0, 0, 0
l1cache815, stateEvent_FetchInvX_IS, , Accumulator, 20067092000, 67, 0, 0, 0, 0, 0
l1cache815, stateEvent_FetchInvX_IM, , Accumulator, 20067092000, 67, 0, 0, 0, 0, 0
l1cache815, stateEvent_FetchInvX_SB, , Accumulator, 20067092000, 67, 0, 0, 0, 0, 0
l1cache815, stateEvent_FetchInvX_IB, , Accumulator, 20067092000, 67, 0, 0, 0, 0, 0
l1cache815, stateEvent_Fetch_I, , Accumulator, 20067092000, 67, 0, 0, 0, 0, 0
l1cache815, stateEvent_Fetch_S, , Accumulator, 20067092000, 67, 0, 0, 0, 0, 0
l1cache815, stateEvent_Fetch_IS, , Accumulator, 20067092000, 67, 0, 0, 0, 0, 0
l1cache815, stateEvent_Fetch_IM, , Accumulator, 20067092000, 67, 0, 0, 0, 0, 0
l1cache815, stateEvent_Fetch_SM, , Accumulator, 20067092000, 67, 0, 0, 0, 0, 0
l1cache815, stateEvent_Fetch_IB, , Accumulator, 20067092000, 67, 0, 0, 0, 0, 0
l1cache815, stateEvent_Fetch_SB, , Accumulator, 20067092000, 67, 0, 0, 0, 0, 0
l1cache815, stateEvent_FetchInv_I, , Accumulator, 20067092000, 67, 0, 0, 0, 0, 0
l1cache815, stateEvent_FetchInv_S, , Accumulator, 20067092000, 67, 0, 0, 0, 0, 0
l1cache815, stateEvent_FetchInv_M, , Accumulator, 20067092000, 67, 0, 0, 0, 0, 0
l1cache815, stateEvent_FetchInv_IS, , Accumulator, 20067092000, 67, 0, 0, 0, 0, 0
l1cache815, stateEvent_FetchInv_IM, , Accumulator, 20067092000, 67, 0, 0, 0, 0, 0
l1cache815, stateEvent_FetchInv_SM, , Accumulator, 20067092000, 67, 0, 0, 0, 0, 0
l1cache815, stateEvent_FetchInv_SB, , Accumulator, 20067092000, 67, 0, 0, 0, 0, 0
l1cache815, stateEvent_FetchInv_IB, , Accumulator, 20067092000, 67, 0, 0, 0, 0, 0
l1cache815, stateEvent_ForceInv_I, , Accumulator, 20067092000, 67, 0, 0, 0, 0, 0
l1cache815, stateEvent_ForceInv_S, , Accumulator, 20067092000, 67, 0, 0, 0, 0, 0
l1cache815, stateEvent_ForceInv_M, , Accumulator, 20067092000, 67, 0, 0, 0, 0, 0
l1cache815, stateEvent_ForceInv_IS, , Accumulator, 20067092000, 67, 0, 0, 0, 0, 0
l1cache815, stateEvent_ForceInv_IM, , Accumulator, 20067092000, 67, 0, 0, 0, 0, 0
l1cache815, stateEvent_ForceInv_SM, , Accumulator, 20067092000, 67, 0, 0, 0, 0, 0
l1cache815, stateEvent_ForceInv_SB, , Accumulator, 20067092000, 67, 0, 0, 0, 0, 0
l1cache815, stateEvent_ForceInv_IB, , Accumulator, 20067092000, 67, 0, 0, 0, 0, 0
l1cache815, stateEvent_FlushLine_I, , Accumulator, 20067092000, 67, 0, 0, 0, 0, 0
l1cache815, stateEvent_FlushLine_S, , Accumulator, 20067092000, 67, 0, 0, 0, 0, 0
l1cache815, stateEvent_FlushLine_M, , Accumulator, 20067092000, 67, 0, 0, 0, 0, 0
l1cache815, stateEvent_FlushLineInv_I, , Accumulator, 20067092000, 67, 0, 0, 0, 0, 0
l1cache815, stateEvent_FlushLineInv_S, , Accumulator, 20067092000, 67, 0, 0, 0, 0, 0
l1cache815, stateEvent_FlushLineInv_M, , Accumulator, 20067092000, 67, 0, 0, 0, 0, 0
l1cache815, stateEvent_FlushLineResp_I, , Accumulator, 20067092000, 67, 0, 0, 0, 0, 0
l1cache815, stateEvent_FlushLineResp_IB, , Accumulator, 20067092000, 67, 0, 0, 0, 0, 0
l1cache815, stateEvent_FlushLineResp_SB, , Accumulator, 20067092000, 67, 0, 0, 0, 0, 0
l1cache815, eventSent_GetS, , Accumulator, 20067092000, 67, 7, 7, 7, 1, 1
l1cache815, eventSent_GetX, , Accumulator, 20067092000, 67, 444, 444, 444, 1, 1
l1cache815, eventSent_GetSX, , Accumulator, 20067092000, 67, 0, 0, 0, 0, 0
l1cache815, eventSent_Write, , Accumulator, 20067092000, 67, 0, 0, 0, 0, 0
l1cache815, eventSent_PutM, , Accumulator, 20067092000, 67, 195, 195, 195, 1, 1
l1cache815, eventSent_NACK, , Accumulator, 20067092000, 67, 0, 0, 0, 0, 0
l1cache815, eventSent_FlushLine, , Accumulator, 20067092000, 67, 0, 0, 0, 0, 0
l1cache815, eventSent_FlushLineInv, , Accumulator, 20067092000, 67, 0, 0, 0, 0, 0
l1cache815, eventSent_FetchResp, , Accumulator, 20067092000, 67, 0, 0, 0, 0, 0
l1cache815, eventSent_FetchXResp, , Accumulator, 20067092000, 67, 0, 0, 0, 0, 0
l1cache815, eventSent_AckInv, , Accumulator, 20067092000, 67, 0, 0, 0, 0, 0
l1cache815, eventSent_GetSResp, , Accumulator, 20067092000, 67, 2885331, 2885331, 2885331, 1, 1
l1cache815, eventSent_GetXResp, , Accumulator, 20067092000, 67, 0, 0, 0, 0, 0
l1cache815, eventSent_WriteResp, , Accumulator, 20067092000, 67, 787906, 787906, 787906, 1, 1
l1cache815, eventSent_FlushLineResp, , Accumulator, 20067092000, 67, 0, 0, 0, 0, 0
l1cache815, eventSent_Put, , Accumulator, 20067092000, 67, 0, 0, 0, 0, 0
l1cache815, eventSent_Get, , Accumulator, 20067092000, 67, 0, 0, 0, 0, 0
l1cache815, eventSent_AckMove, , Accumulator, 20067092000, 67, 0, 0, 0, 0, 0
l1cache815, eventSent_CustomReq, , Accumulator, 20067092000, 67, 0, 0, 0, 0, 0
l1cache815, eventSent_CustomResp, , Accumulator, 20067092000, 67, 0, 0, 0, 0, 0
l1cache815, eventSent_CustomAck, , Accumulator, 20067092000, 67, 0, 0, 0, 0, 0
l1cache815, EventStalledForLockedCacheline, , Accumulator, 20067092000, 67, 0, 0, 0, 0, 0
l1cache815, evict_I, , Accumulator, 20067092000, 67, 256, 256, 256, 1, 1
l1cache815, evict_S, , Accumulator, 20067092000, 67, 0, 0, 0, 0, 0
l1cache815, evict_M, , Accumulator, 20067092000, 67, 195, 195, 195, 1, 1
l1cache815, evict_IS, , Accumulator, 20067092000, 67, 0, 0, 0, 0, 0
l1cache815, evict_IM, , Accumulator, 20067092000, 67, 0, 0, 0, 0, 0
l1cache815, evict_SM, , Accumulator, 20067092000, 67, 0, 0, 0, 0, 0
l1cache815, evict_SB, , Accumulator, 20067092000, 67, 0, 0, 0, 0, 0
l1cache815, latency_GetS_hit, , Accumulator, 20067092000, 67, 15488590, 87113032, 2885324, 5, 261
l1cache815, latency_GetS_miss, , Accumulator, 20067092000, 67, 1514, 327460, 7, 216, 218
l1cache815, latency_GetX_hit, , Accumulator, 20067092000, 67, 3938760, 20005344, 787462, 5, 270
l1cache815, latency_GetX_miss, , Accumulator, 20067092000, 67, 99562, 22447602, 444, 215, 277
l1cache815, latency_GetX_upgrade, , Accumulator, 20067092000, 67, 0, 0, 0, 0, 0
l1cache815, latency_GetSX_hit, , Accumulator, 20067092000, 67, 0, 0, 0, 0, 0
l1cache815, latency_GetSX_miss, , Accumulator, 20067092000, 67, 0, 0, 0, 0, 0
l1cache815, latency_GetSX_upgrade, , Accumulator, 20067092000, 67, 0, 0, 0, 0, 0
l1cache815, latency_FlushLine, , Accumulator, 20067092000, 67, 0, 0, 0, 0, 0
l1cache815, latency_FlushLine_fail, , Accumulator, 20067092000, 67, 0, 0, 0, 0, 0
l1cache815, latency_FlushLineInv, , Accumulator, 20067092000, 67, 0, 0, 0, 0, 0
l1cache815, latency_FlushLineInv_fail, , Accumulator, 20067092000, 67, 0, 0, 0, 0, 0
l1cache815, GetSHit_Arrival, , Accumulator, 20067092000, 67, 2885281, 2885281, 2885281, 1, 1
l1cache815, GetXHit_Arrival, , Accumulator, 20067092000, 67, 787455, 787455, 787455, 1, 1
l1cache815, GetSXHit_Arrival, , Accumulator, 20067092000, 67, 0, 0, 0, 0, 0
l1cache815, GetSHit_Blocked, , Accumulator, 20067092000, 67, 43, 43, 43, 1, 1
l1cache815, GetXHit_Blocked, , Accumulator, 20067092000, 67, 7, 7, 7, 1, 1
l1cache815, GetSXHit_Blocked, , Accumulator, 20067092000, 67, 0, 0, 0, 0, 0
l1cache815, GetSMiss_Arrival, , Accumulator, 20067092000, 67, 7, 7, 7, 1, 1
l1cache815, GetXMiss_Arrival, , Accumulator, 20067092000, 67, 444, 444, 444, 1, 1
l1cache815, GetSXMiss_Arrival, , Accumulator, 20067092000, 67, 0, 0, 0, 0, 0
l1cache815, GetSMiss_Blocked, , Accumulator, 20067092000, 67, 0, 0, 0, 0, 0
l1cache815, GetXMiss_Blocked, , Accumulator, 20067092000, 67, 0, 0, 0, 0, 0
l1cache815, GetSXMiss_Blocked, , Accumulator, 20067092000, 67, 0, 0, 0, 0, 0
l1cache815, CacheHits, , Accumulator, 20067092000, 67, 3672786, 3672786, 3672786, 1, 1
l1cache815, CacheMisses, , Accumulator, 20067092000, 67, 451, 451, 451, 1, 1
l1cache815, stateEvent_AckPut_I, , Accumulator, 20067092000, 67, 0, 0, 0, 0, 0
l1cache815, eventSent_PutS, , Accumulator, 20067092000, 67, 0, 0, 0, 0, 0
l1cache815, eventSent_PutE, , Accumulator, 20067092000, 67, 0, 0, 0, 0, 0
l1cache815, stateEvent_GetS_E, , Accumulator, 20067092000, 67, 524489, 524489, 524489, 1, 1
l1cache815, stateEvent_GetX_E, , Accumulator, 20067092000, 67, 0, 0, 0, 0, 0
l1cache815, stateEvent_GetSX_E, , Accumulator, 20067092000, 67, 0, 0, 0, 0, 0
l1cache815, stateEvent_FlushLine_E, , Accumulator, 20067092000, 67, 0, 0, 0, 0, 0
l1cache815, stateEvent_FlushLineInv_E, , Accumulator, 20067092000, 67, 0, 0, 0, 0, 0
l1cache815, stateEvent_FetchInv_E, , Accumulator, 20067092000, 67, 0, 0, 0, 0, 0
l1cache815, stateEvent_ForceInv_E, , Accumulator, 20067092000, 67, 0, 0, 0, 0, 0
l1cache815, stateEvent_FetchInvX_E, , Accumulator, 20067092000, 67, 0, 0, 0, 0, 0
l1cache815, evict_E, , Accumulator, 20067092000, 67, 0, 0, 0, 0, 0
l1cache815, TotalEventsReceived, , Accumulator, 20067092000, 67, 3673688, 3673688, 3673688, 1, 1
l1cache815, TotalEventsReplayed, , Accumulator, 20067092000, 67, 50, 50, 50, 1, 1
l1cache815, Put_uncache_recv, , Accumulator, 20067092000, 67, 0, 0, 0, 0, 0
l1cache815, Get_uncache_recv, , Accumulator, 20067092000, 67, 0, 0, 0, 0, 0
l1cache815, AckMove_uncache_recv, , Accumulator, 20067092000, 67, 0, 0, 0, 0, 0
l1cache815, GetS_uncache_recv, , Accumulator, 20067092000, 67, 0, 0, 0, 0, 0
l1cache815, Write_uncache_recv, , Accumulator, 20067092000, 67, 0, 0, 0, 0, 0
l1cache815, GetSX_uncache_recv, , Accumulator, 20067092000, 67, 0, 0, 0, 0, 0
l1cache815, GetSResp_uncache_recv, , Accumulator, 20067092000, 67, 0, 0, 0, 0, 0
l1cache815, WriteResp_uncache_recv, , Accumulator, 20067092000, 67, 0, 0, 0, 0, 0
l1cache815, CustomReq_uncache_recv, , Accumulator, 20067092000, 67, 0, 0, 0, 0, 0
l1cache815, CustomResp_uncache_recv, , Accumulator, 20067092000, 67, 0, 0, 0, 0, 0
l1cache815, CustomAck_uncache_recv, , Accumulator, 20067092000, 67, 0, 0, 0, 0, 0
l1cache815, NULLCMD_recv, , Accumulator, 20067092000, 67, 0, 0, 0, 0, 0
l1cache815, GetS_recv, , Accumulator, 20067092000, 67, 2885331, 2885331, 2885331, 1, 1
l1cache815, GetX_recv, , Accumulator, 20067092000, 67, 0, 0, 0, 0, 0
l1cache815, GetSX_recv, , Accumulator, 20067092000, 67, 0, 0, 0, 0, 0
l1cache815, Write_recv, , Accumulator, 20067092000, 67, 787906, 787906, 787906, 1, 1
l1cache815, FlushLine_recv, , Accumulator, 20067092000, 67, 0, 0, 0, 0, 0
l1cache815, FlushLineInv_recv, , Accumulator, 20067092000, 67, 0, 0, 0, 0, 0
l1cache815, GetSResp_recv, , Accumulator, 20067092000, 67, 0, 0, 0, 0, 0
l1cache815, GetXResp_recv, , Accumulator, 20067092000, 67, 451, 451, 451, 1, 1
l1cache815, FlushLineResp_recv, , Accumulator, 20067092000, 67, 0, 0, 0, 0, 0
l1cache815, Inv_recv, , Accumulator, 20067092000, 67, 0, 0, 0, 0, 0
l1cache815, ForceInv_recv, , Accumulator, 20067092000, 67, 0, 0, 0, 0, 0
l1cache815, Fetch_recv, , Accumulator, 20067092000, 67, 0, 0, 0, 0, 0
l1cache815, FetchInv_recv, , Accumulator, 20067092000, 67, 0, 0, 0, 0, 0
l1cache815, FetchInvX_recv, , Accumulator, 20067092000, 67, 0, 0, 0, 0, 0
l1cache815, NACK_recv, , Accumulator, 20067092000, 67, 0, 0, 0, 0, 0
l1cache815, AckPut_recv, , Accumulator, 20067092000, 67, 0, 0, 0, 0, 0
l1cache815, MSHR_occupancy, , Accumulator, 20067092000, 67, 109354, 6078384, 40134184, 0, 64
l1cache815, Bank_conflicts, , Accumulator, 20067092000, 67, 0, 0, 0, 0, 0
memory815, requests_received_GetS, , Accumulator, 20067092000, 67, 7, 7, 7, 1, 1
memory815, requests_received_GetSX, , Accumulator, 20067092000, 67, 0, 0, 0, 0, 0
memory815, requests_received_GetX, , Accumulator, 20067092000, 67, 444, 444, 444, 1, 1
memory815, requests_received_Write, , Accumulator, 20067092000, 67, 0, 0, 0, 0, 0
memory815, requests_received_PutM, , Accumulator, 20067092000, 67, 195, 195, 195, 1, 1
memory815, outstanding_requests, , Accumulator, 20067092000, 67, 135875, 12164225, 40134184, 0, 128
memory815, latency_GetS, , Accumulator, 20067092000, 67, 1416, 286440, 7, 202, 204
memory815, latency_GetSX, , Accumulator, 20067092000, 67, 0, 0, 0, 0, 0
memory815, latency_GetX, , Accumulator, 20067092000, 67, 93346, 19746890, 444, 201, 263
memory815, latency_Write, , Accumulator, 20067092000, 67, 0, 0, 0, 0, 0
memory815, latency_PutM, , Accumulator, 20067092000, 67, 41113, 8723637, 195, 201, 261
memory815, cycles_with_issue, , Accumulator, 20067092000, 67, 646, 646, 646, 1, 1
memory815, cycles_attempted_issue_but_rejected, , Accumulator, 20067092000, 67, 0, 0, 0, 0, 0
memory815, total_cycles, , Accumulator, 20067092000, 67, 40134184, 1610752725345856, 1, 40134184, 40134184
